0.000	0.006
1.000	0.006
2.000	0.006
3.000	0.007
4.000	0.008
5.000	0.009
6.000	0.010
7.000	0.012
8.000	0.013
9.000	0.014
10.000	0.015
11.000	0.016
12.000	0.017
13.000	0.018
14.000	0.018
15.000	0.019
16.000	0.020
17.000	0.020
18.000	0.021
19.000	0.022
20.000	0.022
21.000	0.023
22.000	0.023
23.000	0.023
24.000	0.024
25.000	0.024
26.000	0.025
27.000	0.025
28.000	0.025
29.000	0.025
30.000	0.026
31.000	0.026
32.000	0.026
33.000	0.026
34.000	0.026
35.000	0.027
36.000	0.027
37.000	0.027
38.000	0.027
39.000	0.027
40.000	0.027
41.000	0.027
42.000	0.027
43.000	0.027
44.000	0.027
45.000	0.027
46.000	0.027
47.000	0.027
48.000	0.027
49.000	0.027
50.000	0.027
51.000	0.027
52.000	0.027
53.000	0.027
54.000	0.027
55.000	0.027
56.000	0.026
57.000	0.026
58.000	0.026
59.000	0.026
60.000	0.026
61.000	0.025
62.000	0.025
63.000	0.025
64.000	0.024
65.000	0.024
66.000	0.024
67.000	0.023
68.000	0.023
69.000	0.022
70.000	0.022
71.000	0.021
72.000	0.021
73.000	0.020
74.000	0.019
75.000	0.018
76.000	0.017
77.000	0.017
78.000	0.016
79.000	0.014
80.000	0.013
81.000	0.012
82.000	0.011
83.000	0.009
84.000	0.007
85.000	0.006
86.000	0.004
87.000	0.003
88.000	0.002
89.000	0.002
90.000	0.003
91.000	0.004
92.000	0.005
93.000	0.007
94.000	0.008
95.000	0.010
96.000	0.011
97.000	0.013
98.000	0.014
99.000	0.016
100.000	0.017
101.000	0.017
102.000	0.019
103.000	0.019
104.000	0.020
105.000	0.021
106.000	0.021
107.000	0.022
108.000	0.023
109.000	0.023
110.000	0.024
111.000	0.024
112.000	0.024
113.000	0.025
114.000	0.025
115.000	0.026
116.000	0.026
117.000	0.026
118.000	0.027
119.000	0.027
120.000	0.027
121.000	0.027
122.000	0.028
123.000	0.028
124.000	0.028
125.000	0.028
126.000	0.028
127.000	0.028
128.000	0.029
129.000	0.029
130.000	0.029
131.000	0.029
132.000	0.029
133.000	0.029
134.000	0.029
135.000	0.029
136.000	0.029
137.000	0.029
138.000	0.029
139.000	0.029
140.000	0.029
141.000	0.029
142.000	0.029
143.000	0.029
144.000	0.029
145.000	0.029
146.000	0.028
147.000	0.028
148.000	0.028
149.000	0.028
150.000	0.028
151.000	0.027
152.000	0.027
153.000	0.027
154.000	0.027
155.000	0.026
156.000	0.026
157.000	0.026
158.000	0.025
159.000	0.025
160.000	0.024
161.000	0.024
162.000	0.023
163.000	0.023
164.000	0.022
165.000	0.022
166.000	0.021
167.000	0.020
168.000	0.020
169.000	0.019
170.000	0.018
171.000	0.017
172.000	0.016
173.000	0.015
174.000	0.013
175.000	0.012
176.000	0.011
177.000	0.009
178.000	0.008
179.000	0.007
180.000	0.006
181.000	0.006
182.000	0.006
183.000	0.007
184.000	0.008
185.000	0.009
186.000	0.011
187.000	0.012
188.000	0.013
189.000	0.015
190.000	0.016
191.000	0.017
192.000	0.018
193.000	0.018
194.000	0.019
195.000	0.020
196.000	0.021
197.000	0.021
198.000	0.022
199.000	0.022
200.000	0.023
201.000	0.023
202.000	0.024
203.000	0.024
204.000	0.025
205.000	0.025
206.000	0.025
207.000	0.026
208.000	0.026
209.000	0.026
210.000	0.026
211.000	0.027
212.000	0.027
213.000	0.027
214.000	0.027
215.000	0.027
216.000	0.028
217.000	0.028
218.000	0.028
219.000	0.028
220.000	0.028
221.000	0.028
222.000	0.028
223.000	0.028
224.000	0.028
225.000	0.028
226.000	0.028
227.000	0.028
228.000	0.028
229.000	0.028
230.000	0.028
231.000	0.028
232.000	0.028
233.000	0.028
234.000	0.028
235.000	0.027
236.000	0.027
237.000	0.027
238.000	0.027
239.000	0.026
240.000	0.026
241.000	0.026
242.000	0.026
243.000	0.025
244.000	0.025
245.000	0.025
246.000	0.024
247.000	0.024
248.000	0.023
249.000	0.024
250.000	0.007
251.000	0.022
252.000	0.021
253.000	0.020
254.000	0.020
255.000	0.019
256.000	0.018
257.000	0.017
258.000	0.016
259.000	0.015
260.000	0.014
261.000	0.012
262.000	0.011
263.000	0.009
264.000	0.008
265.000	0.006
266.000	0.004
267.000	0.003
268.000	0.002
269.000	0.002
270.000	0.002
271.000	0.003
272.000	0.005
273.000	0.007
274.000	0.008
275.000	0.010
276.000	0.012
277.000	0.013
278.000	0.014
279.000	0.015
280.000	0.017
281.000	0.017
282.000	0.018
283.000	0.019
284.000	0.020
285.000	0.020
286.000	0.021
287.000	0.022
288.000	0.022
289.000	0.023
290.000	0.023
291.000	0.024
292.000	0.024
293.000	0.025
294.000	0.025
295.000	0.025
296.000	0.026
297.000	0.026
298.000	0.027
299.000	0.027
300.000	0.027
301.000	0.027
302.000	0.027
303.000	0.027
304.000	0.028
305.000	0.028
306.000	0.028
307.000	0.028
308.000	0.028
309.000	0.028
310.000	0.028
311.000	0.028
312.000	0.028
313.000	0.028
314.000	0.028
315.000	0.028
316.000	0.028
317.000	0.028
318.000	0.028
319.000	0.028
320.000	0.028
321.000	0.028
322.000	0.028
323.000	0.028
324.000	0.028
325.000	0.028
326.000	0.028
327.000	0.028
328.000	0.027
329.000	0.027
330.000	0.027
331.000	0.027
332.000	0.026
333.000	0.026
334.000	0.026
335.000	0.026
336.000	0.025
337.000	0.025
338.000	0.024
339.000	0.024
340.000	0.024
341.000	0.023
342.000	0.023
343.000	0.022
344.000	0.021
345.000	0.021
346.000	0.020
347.000	0.019
348.000	0.019
349.000	0.018
350.000	0.017
351.000	0.016
352.000	0.016
353.000	0.014
354.000	0.013
355.000	0.012
356.000	0.010
357.000	0.009
358.000	0.008
359.000	0.007
360.000	0.006
361.000	0.000
