0	8.96459E-5	
1	9.34605E-5	
2	9.91826E-5	
3	0.000102997	
4	0.000104905	
5	0.000108719	
6	0.000114441	
7	0.000118256	
8	0.000122071	
9	0.000127793	
10	0.000131608	
11	0.00013733	
12	0.000141145	
13	0.000144959	
14	0.000146867	
15	0.000150681	
16	0.000154496	
17	0.000154496	
18	0.000158311	
19	0.000158311	
20	0.000162126	
21	0.00016594	
22	0.000167848	
23	0.000169755	
24	0.000171662	
25	0.000171662	
26	0.00017357	
27	0.000175477	
28	0.000175477	
29	0.000177384	
30	0.000175477	
31	0.00017357	
32	0.000175477	
33	0.00017357	
34	0.000171662	
35	0.000169755	
36	0.000169755	
37	0.000167848	
38	0.000164033	
39	0.000160218	
40	0.000158311	
41	0.000156404	
42	0.000148774	
43	0.000144959	
44	0.000141145	
45	0.000139237	
46	0.00013733	
47	0.000131608	
48	0.000127793	
49	0.000125886	
50	0.000120163	
51	0.000116349	
52	0.000114441	
53	0.000108719	
54	0.000104905	
55	9.91826E-5	
56	9.53679E-5	
57	9.15532E-5	
58	8.96459E-5	
59	8.58312E-5	
60	8.20165E-5	
61	8.01091E-5	
62	7.82018E-5	
63	7.43871E-5	
64	7.05724E-5	
65	6.67577E-5	
66	6.48503E-5	
67	6.48503E-5	
68	6.2943E-5	
69	6.10356E-5	
70	6.10356E-5	
71	5.9128E-5	
72	5.9128E-5	
73	5.9128E-5	
74	5.9128E-5	
75	5.9128E-5	
76	6.10356E-5	
77	6.10356E-5	
78	6.2943E-5	
79	6.48503E-5	
80	6.48503E-5	
81	6.8665E-5	
82	7.05724E-5	
83	7.24797E-5	
84	7.43871E-5	
85	7.82018E-5	
86	8.01091E-5	
87	8.39238E-5	
88	8.96459E-5	
89	9.15532E-5	
90	9.34605E-5	
91	9.72752E-5	
92	0.00010109	
93	0.000104905	
94	0.000106812	
95	0.000112534	
96	0.000114441	
97	0.000123979	
98	0.000127793	
99	0.000131608	
100	0.00013733	
101	0.000135423	
102	0.00013733	
103	0.000141145	
104	0.000144959	
105	0.000146867	
106	0.000150681	
107	0.000152589	
108	0.000156404	
109	0.000158311	
110	0.000158311	
111	0.000160218	
112	0.00016594	
113	0.000169755	
114	0.000169755	
115	0.000171662	
116	0.000171662	
117	0.000171662	
118	0.000171662	
119	0.000169755	
120	0.000167848	
121	0.000164033	
122	0.00016594	
123	0.00016594	
124	0.000169755	
125	0.000169755	
126	0.000167848	
127	0.000167848	
128	0.000162126	
129	0.000160218	
130	0.000154496	
131	0.000156404	
132	0.000144959	
133	0.000143052	
134	0.00013733	
135	0.000135423	
136	0.000131608	
137	0.000127793	
138	0.000123979	
139	0.000118256	
140	0.000114441	
141	0.000108719	
142	0.000104905	
143	0.00010109	
144	9.53679E-5	
145	9.15532E-5	
146	8.77385E-5	
147	8.20165E-5	
148	7.82018E-5	
149	7.62944E-5	
150	7.24797E-5	
151	6.67577E-5	
152	6.2943E-5	
153	5.9128E-5	
154	5.9128E-5	
155	5.3406E-5	
156	5.14986E-5	
157	5.14986E-5	
158	4.95913E-5	
159	4.76839E-5	
160	4.57766E-5	
161	4.57766E-5	
162	4.38693E-5	
163	4.57766E-5	
164	4.57766E-5	
165	4.57766E-5	
166	4.76839E-5	
167	4.95913E-5	
168	5.14986E-5	
169	5.14986E-5	
170	5.3406E-5	
171	5.9128E-5	
172	6.10356E-5	
173	6.48503E-5	
174	6.67577E-5	
175	7.24797E-5	
176	7.82018E-5	
177	8.01091E-5	
178	8.58312E-5	
179	9.15532E-5	
180	9.53679E-5	
181	0.00010109	
182	0.000104905	
183	0.000112534	
184	0.000114441	
185	0.000118256	
186	0.000120163	
187	0.000125886	
188	0.000127793	
189	0.000131608	
190	0.00013733	
191	0.000144959	
192	0.000148774	
193	0.000152589	
194	0.000156404	
195	0.000160218	
196	0.000164033	
197	0.000169755	
198	0.00017357	
199	0.00017357	
200	0.000169755	
201	0.00017357	
202	0.000175477	
203	0.000177384	
204	0.000179292	
205	0.000181199	
206	0.000183106	
207	0.000183106	
208	0.000183106	
209	0.000181199	
210	0.000181199	
211	0.000179292	
212	0.000177384	
213	0.000177384	
214	0.000179292	
215	0.000177384	
216	0.000175477	
217	0.000169755	
218	0.00016594	
219	0.000162126	
220	0.000158311	
221	0.000156404	
222	0.000152589	
223	0.000148774	
224	0.000144959	
225	0.000139237	
226	0.00013733	
227	0.000135423	
228	0.000131608	
229	0.000125886	
230	0.000122071	
231	0.000118256	
232	0.000110627	
233	0.000104905	
234	0.000102997	
235	9.72752E-5	
236	9.34605E-5	
237	9.15532E-5	
238	8.77385E-5	
239	8.39238E-5	
240	7.82018E-5	
241	7.62944E-5	
242	7.24797E-5	
243	7.05724E-5	
244	6.48503E-5	
245	6.48503E-5	
246	6.2943E-5	
247	5.9128E-5	
248	5.9128E-5	
249	5.53133E-5	
250	5.53133E-5	
251	5.53133E-5	
252	5.3406E-5	
253	5.3406E-5	
254	5.3406E-5	
255	5.3406E-5	
256	5.53133E-5	
257	5.72207E-5	
258	5.72207E-5	
259	5.9128E-5	
260	6.10356E-5	
261	6.2943E-5	
262	6.48503E-5	
263	6.8665E-5	
264	7.24797E-5	
265	7.43871E-5	
266	7.82018E-5	
267	7.82018E-5	
268	8.39238E-5	
269	8.77385E-5	
270	9.15532E-5	
271	9.15532E-5	
272	9.72752E-5	
273	0.00010109	
274	0.000104905	
275	0.000110627	
276	0.000118256	
277	0.000120163	
278	0.000123979	
279	0.000127793	
280	0.000131608	
281	0.000133515	
282	0.00013733	
283	0.000141145	
284	0.000144959	
285	0.000144959	
286	0.000148774	
287	0.000152589	
288	0.000154496	
289	0.000156404	
290	0.000158311	
291	0.000162126	
292	0.000162126	
