0	0.00381853	
1	0.0037327	
2	0.00363924	
3	0.00354578	
4	0.00345804	
5	0.00336458	
6	0.00327112	
7	0.00317766	
8	0.00308992	
9	0.00300218	
10	0.00292207	
11	0.00283815	
12	0.00276758	
13	0.00269701	
14	0.00263597	
15	0.00257494	
16	0.00252153	
17	0.00247575	
18	0.00243379	
19	0.00240137	
20	0.00237466	
21	0.00235368	
22	0.00234033	
23	0.00233842	
24	0.00234033	
25	0.00235368	
26	0.00237085	
27	0.00239755	
28	0.00242998	
29	0.00247575	
30	0.00252153	
31	0.00256921	
32	0.00263025	
33	0.0026951	
34	0.00276567	
35	0.00284387	
36	0.00292589	
37	0.00300981	
38	0.00309373	
39	0.00318147	
40	0.0032673	
41	0.00335886	
42	0.0034485	
43	0.00354196	
44	0.00363542	
45	0.00372697	
46	0.00382234	
47	0.003912	
48	0.00399974	
49	0.00408939	
50	0.0041714	
51	0.0042496	
52	0.00432017	
53	0.00439647	
54	0.00446132	
55	0.00452808	
56	0.00459102	
57	0.00464633	
58	0.00469974	
59	0.00474742	
60	0.00479129	
61	0.00482944	
62	0.00486186	
63	0.00488475	
64	0.00489047	
65	0.0048981	
66	0.00490573	
67	0.00490192	
68	0.0048981	
69	0.00488666	
70	0.0048714	
71	0.00484851	
72	0.00482181	
73	0.00478938	
74	0.00475314	
75	0.00469974	
76	0.00465396	
77	0.00460246	
78	0.00455478	
79	0.00450519	
80	0.00445941	
81	0.00440791	
82	0.00438312	
83	0.00431827	
84	0.0042496	
85	0.00417903	
86	0.00410274	
87	0.00402263	
88	0.00393489	
89	0.00384714	
90	0.00375558	
91	0.00366975	
92	0.00357057	
93	0.0034752	
94	0.00337984	
95	0.00329973	
96	0.00321199	
97	0.00312807	
98	0.00303651	
99	0.00294305	
100	0.00286104	
101	0.00278093	
102	0.00270654	
103	0.00263406	
104	0.00257112	
105	0.00250818	
106	0.00242807	
107	0.00237466	
108	0.00234224	
109	0.00237657	
110	0.00230218	
111	0.00227548	
112	0.00225832	
113	0.00225641	
114	0.00226022	
115	0.00227357	
116	0.00230028	
117	0.00232698	
118	0.00235941	
119	0.00240137	
120	0.00244905	
121	0.00250246	
122	0.00256158	
123	0.00262834	
124	0.00270273	
125	0.00277902	
126	0.00285722	
127	0.00294115	
128	0.00303461	
129	0.00312234	
130	0.0032158	
131	0.00329973	
132	0.0033951	
133	0.00348283	
134	0.0035782	
135	0.00366975	
136	0.00375558	
137	0.00384904	
138	0.00393298	
139	0.00402072	
140	0.00410274	
141	0.00418094	
142	0.00425151	
143	0.0043278	
144	0.00438693	
145	0.00444987	
146	0.00450519	
147	0.00456241	
148	0.00460055	
149	0.00463679	
150	0.00467876	
151	0.00471118	
152	0.00473788	
153	0.00475886	
154	0.00477412	
155	0.00478938	
156	0.00479129	
157	0.0047951	
158	0.0047951	
159	0.00479129	
160	0.00477985	
161	0.00477031	
162	0.00475886	
163	0.00480083	
164	0.00467494	
165	0.00461581	
166	0.00456432	
167	0.00451282	
168	0.0044556	
169	0.00440791	
170	0.00434688	
171	0.00428966	
172	0.00423053	
173	0.00415805	
174	0.00409701	
175	0.00402644	
176	0.00395396	
177	0.00387765	
178	0.00379755	
179	0.00371744	
180	0.0036297	
181	0.00353815	
182	0.00344659	
183	0.00335504	
184	0.00327303	
185	0.00318719	
186	0.00310327	
187	0.00301744	
188	0.00293542	
189	0.00285341	
190	0.00277139	
191	0.00269701	
192	0.00262262	
193	0.00255014	
194	0.00248148	
195	0.00241663	
196	0.00235941	
197	0.00230981	
198	0.00226976	
199	0.00225069	
200	0.00223924	
201	0.00222971	
202	0.00223161	
203	0.00224115	
204	0.0022545	
205	0.00227357	
206	0.00230028	
207	0.00233461	
208	0.00236894	
209	0.002409	
210	0.00245096	
211	0.00250055	
212	0.00254823	
213	0.00260736	
214	0.00266649	
215	0.00273706	
216	0.00280954	
217	0.00288774	
218	0.00296976	
219	0.00305559	
220	0.00315095	
221	0.00324251	
222	0.00333978	
223	0.00343134	
224	0.0035267	
225	0.00361635	
226	0.00370409	
227	0.00378992	
228	0.00387193	
229	0.00402454	