0	0.000324251	
0.2	0.000322344	
0.4	0.000320436	
0.6	0.000316622	
0.8	0.000314714	
1	0.000312807	
1.2	0.0003109	
1.4	0.000308992	
1.6	0.00030327	
1.8	0.000301363	
2	0.000299456	
2.2	0.000293734	
2.4	0.000291826	
2.6	0.000289919	
2.8	0.000288012	
3	0.000286104	
3.2	0.000282289	
3.4	0.000280382	
3.6	0.000276567	
3.8	0.000276567	
4	0.000272753	
4.2	0.000270845	
4.4	0.000268938	
4.6	0.000267031	
4.8	0.000263216	
5	0.000263216	
5.2	0.000261309	
5.4	0.000257494	
5.6	0.000255587	
5.8	0.000251772	
6	0.000249865	
6.2	0.000249865	
6.4	0.000247957	
6.6	0.000244142	
6.8	0.000242234	
7	0.000240327	
7.2	0.00023842	
7.4	0.000236512	
7.6	0.000234605	
7.8	0.000232697	
8	0.00023079	
8.2	0.000228883	
8.4	0.000226975	
8.6	0.000225068	
8.8	0.000223161	
9	0.000223161	
9.2	0.000219346	
9.4	0.000217439	
9.6	0.000215531	
9.8	0.000213624	
10	0.000213624	
10.2	0.000209809	
10.4	0.000209809	
10.6	0.000209809	
10.8	0.000205995	
11	0.000205995	
11.2	0.000204087	
11.4	0.00020218	
11.6	0.000200273	
11.8	0.000198365	
12	0.000196458	
12.2	0.000196458	
12.4	0.000196458	
12.6	0.00019455	
12.8	0.000192643	
13	0.000192643	
13.2	0.000190736	
13.4	0.000188828	
13.6	0.000188828	
13.8	0.000190736	
14	0.000185014	
14.2	0.000185014	
14.4	0.000183106	
14.6	0.000183106	
14.8	0.000183106	
15	0.000181199	
15.2	0.000181199	
15.4	0.000181199	
15.6	0.000179292	
15.8	0.000179292	
16	0.000179292	
16.2	0.000177384	
16.4	0.000175477	
16.6	0.000175477	
16.8	0.00017357	
17	0.00017357	
17.2	0.000171662	
17.4	0.000171662	
17.6	0.000171662	
17.8	0.000171662	
18	0.000171662	
18.2	0.000171662	
18.4	0.000169755	
18.6	0.000169755	
18.8	0.000169755	
19	0.000169755	
19.2	0.000169755	
19.4	0.000169755	
19.6	0.000169755	
19.8	0.000169755	
20	0.000171662	
20.2	0.000171662	
20.4	0.000171662	
20.6	0.000171662	
20.8	0.000171662	
21	0.000171662	
21.2	0.000171662	
21.4	0.000171662	
21.6	0.00017357	
21.8	0.00017357	
22	0.00017357	
22.2	0.00017357	
22.4	0.00017357	
22.6	0.000175477	
22.8	0.000175477	
23	0.000177384	
23.2	0.000177384	
23.4	0.000179292	
23.6	0.000179292	
23.8	0.000179292	
24	0.000181199	
24.2	0.000181199	
24.4	0.000183106	
24.6	0.000183106	
24.8	0.000183106	
25	0.000183106	
25.2	0.000185014	
25.4	0.000186921	
25.6	0.000186921	
25.8	0.000188828	
26	0.000188828	
26.2	0.000190736	
26.4	0.000192643	
26.6	0.00019455	
26.8	0.00019455	
27	0.000196458	
27.2	0.000196458	
27.4	0.000198365	
27.6	0.000198365	
27.8	0.00020218	
28	0.000204087	
28.2	0.000205995	
28.4	0.000205995	
28.6	0.000207902	
28.8	0.000207902	
29	0.000209809	
29.2	0.000209809	
29.4	0.000211717	
29.6	0.000213624	
29.8	0.000217439	
30	0.000219346	
30.2	0.000221253	
30.4	0.000223161	
30.6	0.000226975	
30.8	0.000228883	
31	0.00023079	
31.2	0.00023079	
31.4	0.00023079	
31.6	0.000232697	
31.8	0.000236512	
32	0.000236512	
32.2001	0.00023842	
32.4001	0.000242234	
32.6001	0.000244142	
32.8001	0.00024605	
33.0001	0.000247957	
33.2001	0.000249865	
33.4001	0.000253679	
33.6001	0.000255587	
33.8001	0.000259401	
34.0001	0.000261309	
34.2001	0.000263216	
34.4001	0.000263216	
34.6001	0.000265123	
34.8001	0.000268938	
35.0001	0.000270845	
35.2001	0.00027466	
35.4001	0.000276567	
35.6001	0.000278475	
35.8001	0.000284197	
36.0001	0.000284197	
36.2001	0.000289919	
36.4001	0.000289919	
36.6001	0.000293734	
36.8001	0.000295641	
37.0001	0.000299456	
37.2001	0.000301363	
37.4001	0.00030327	
37.6001	0.000305178	
37.8001	0.000305178	
38.0001	0.000307085	
38.2001	0.000312807	
38.4001	0.000316622	
38.6001	0.000318529	
38.8001	0.000320436	
39.0001	0.000324251	
39.2001	0.000326158	
39.4001	0.000326158	
39.6001	0.000326158	
39.8001	0.000329973	
40.0001	0.000331881	
40.2001	0.000335695	
40.4001	0.000337603	
40.6001	0.000341417	
40.8001	0.000341417	
41.0001	0.000345232	
41.2001	0.000349047	
41.4001	0.000352861	
41.6001	0.000354769	
41.8001	0.000354769	
42.0001	0.000358583	
42.2001	0.000360491	
42.4001	0.000362398	
42.6001	0.000366213	
42.8001	0.00036812	
43.0001	0.000371935	
43.2001	0.000373842	
43.4001	0.00037575	
43.6001	0.000381472	
43.8001	0.000383379	
44.0001	0.000385286	
44.2001	0.000387194	
44.4001	0.000392916	
44.6001	0.000392916	
44.8001	0.000391008	
45.0001	0.000392916	
45.2001	0.000394823	
45.4001	0.00039673	
45.6001	0.000406267	
45.8001	0.000408174	
46.0001	0.000410082	
46.2001	0.000413897	
46.4001	0.000417711	
46.6001	0.000421526	
46.8001	0.000425341	
47.0001	0.000427248	
47.2001	0.000429155	
47.4001	0.00043297	
47.6001	0.000434877	
47.8001	0.000436785	
48.0001	0.000438692	
48.2001	0.000440599	
48.4001	0.000444414	
48.6001	0.000446321	
48.8001	0.000446321	
49.0001	0.000448229	
49.2001	0.000450136	
49.4001	0.000453951	
49.6001	0.000455858	
49.8001	0.000459673	
50.0001	0.00046158	
50.2001	0.000463488	
50.4001	0.000465395	
50.6001	0.000467302	
50.8001	0.000471117	
51.0001	0.000471117	
51.2001	0.000474932	
51.4001	0.000474932	
51.6001	0.000476839	
51.8001	0.000478746	
52.0001	0.000478746	
52.2001	0.000480654	
52.4001	0.000484468	
52.6001	0.000488285	
52.8001	0.000488285	
53.0001	0.0004921	
53.2001	0.000495914	
53.4001	0.000494007	
53.6001	0.000495914	
53.8001	0.000497822	
54.0001	0.000499729	
54.2001	0.000501636	
54.4001	0.000501636	
54.6001	0.000501636	
54.8001	0.000505451	
55.0001	0.000507358	
55.2001	0.000507358	
55.4001	0.000509266	
55.6001	0.000509266	
55.8001	0.000509266	
56.0001	0.000511173	
56.2001	0.000511173	
56.4001	0.000513081	
56.6001	0.000514988	
56.8001	0.000518803	
57.0001	0.000524525	
57.2001	0.000524525	
57.4001	0.000526432	
57.6001	0.000526432	
57.8001	0.000526432	
58.0001	0.000528339	
58.2001	0.000528339	
58.4002	0.000530247	
58.6002	0.000505451	
58.8002	0.000524525	
59.0002	0.000526432	
59.2002	0.000535969	
59.4002	0.000524525	
59.6002	0.000516895	
59.8002	0.000524525	
60.0002	0.000530247	
60.2002	0.000526432	
60.4002	0.00052071	
60.6002	0.000511173	
60.8002	0.000511173	
61.0002	0.000511173	
61.2002	0.000511173	
61.4002	0.000511173	
61.6002	0.000513081	
61.8002	0.000513081	
62.0002	0.000513081	
62.2002	0.000513081	
62.4002	0.000513081	
62.6002	0.000513081	
62.8002	0.000513081	
63.0002	0.000513081	
63.2002	0.000513081	
63.4002	0.000514988	
63.6002	0.000518803	
63.8002	0.000513081	
64.0002	0.000513081	
64.2002	0.000511173	
64.4002	0.000511173	
64.6002	0.000513081	
64.8002	0.000511173	
65.0002	0.000511173	
65.2001	0.000511173	
65.4001	0.000509266	
65.6001	0.000511173	
65.8001	0.000511173	
66.0001	0.000511173	
66.2001	0.000509266	
66.4001	0.000509266	
66.6001	0.000509266	
66.8001	0.000507358	
67.0001	0.000507358	
67.2001	0.000507358	
67.4001	0.000505451	
67.6001	0.000505451	
67.8001	0.000505451	
68.0001	0.000503544	
68.2001	0.000503544	
68.4001	0.000501636	
68.6001	0.000501636	
68.8001	0.000501636	
69.0001	0.000499729	
69.2001	0.000499729	
69.4001	0.000497822	
69.6001	0.000497822	
69.8001	0.000495914	
70.0001	0.000495914	
70.2001	0.000494007	
70.4001	0.0004921	
70.6001	0.0004921	
70.8001	0.000490192	
71.0001	0.000490192	
71.2001	0.000488285	
71.4001	0.000488285	
71.6001	0.000486376	
71.8	0.000486376	
72	0.000484468	
72.2	0.000482561	
72.4	0.000480654	
72.6	0.000480654	
72.8	0.000476839	
73	0.000476839	
73.2	0.000474932	
73.4	0.000474932	
73.6	0.000473024	
73.8	0.000471117	
74	0.000471117	
74.2	0.00046921	
74.4	0.000467302	
74.6	0.000465395	
74.8	0.000463488	
75	0.00046158	
75.2	0.00046158	
75.4	0.000459673	
75.6	0.000457766	
75.8	0.000455858	
76	0.000453951	
76.2	0.000452043	
76.4	0.000450136	
76.6	0.000448229	
76.8	0.000448229	
77	0.000446321	
77.2	0.000444414	
77.4	0.000440599	
77.6	0.000438692	
77.8	0.000436785	
78	0.000434877	
78.2	0.000434877	
78.3999	0.00043297	
78.5999	0.000431063	
78.7999	0.000427248	
78.9999	0.000425341	
79.1999	0.000423433	
79.3999	0.000421526	
79.5999	0.000421526	
79.7999	0.000417711	
79.9999	0.000415804	
80.1999	0.000411989	
80.3999	0.000410082	
80.5999	0.000408174	
80.7999	0.000406267	
80.9999	0.00040436	
81.1999	0.00040436	
81.3999	0.000400545	
81.5999	0.000398638	
81.7999	0.00039673	
81.9999	0.000394823	
82.1999	0.000392916	
82.3999	0.000391008	
82.5999	0.000389101	
82.7999	0.000385286	
82.9999	0.000383379	
83.1999	0.000381472	
83.3999	0.000381472	
83.5999	0.000377657	
83.7999	0.00037575	
83.9999	0.000373842	
84.1999	0.000371935	
84.3999	0.00036812	
84.5999	0.00036812	
84.7999	0.000366213	
84.9998	0.000362398	
85.1998	0.000360491	
85.3998	0.000356676	
85.5998	0.000356676	
85.7998	0.000354769	
85.9998	0.000350954	
86.1998	0.000350954	
86.3998	0.000347139	
86.5998	0.000345232	
86.7998	0.000341417	
86.9998	0.000341417	
87.1998	0.00033951	
87.3998	0.000337603	
87.5998	0.000335695	
87.7998	0.000333788	
87.9998	0.000335695	
88.1998	0.000333788	
88.3998	0.000329973	
88.5998	0.000326158	
88.7998	0.000324251	
88.9998	0.000320436	
89.1998	0.000318529	
89.3998	0.000316622	
89.5998	0.000316622	
89.7998	0.000314714	
89.9998	0.000318529	
90.1998	0.000324251	
90.3998	0.000318529	
90.5998	0.000318529	
90.7998	0.000316622	
90.9998	0.000312807	
91.1998	0.0003109	
91.3997	0.000305178	
91.5997	0.00030327	
91.7997	0.00030327	
91.9997	0.000299456	
92.1997	0.000297548	
92.3997	0.000295641	
92.5997	0.000291826	
92.7997	0.000289919	
92.9997	0.000289919	
93.1997	0.000288012	
93.3997	0.000284197	
93.5997	0.000282289	
93.7997	0.000280382	
93.9997	0.000276567	
94.1997	0.000276567	
94.3997	0.000272753	
94.5997	0.000272753	
94.7997	0.000268938	
94.9997	0.000267031	
95.1997	0.000265123	
95.3997	0.000263216	
95.5997	0.000261309	
95.7997	0.000259401	
95.9997	0.000257494	
96.1997	0.000255587	
96.3997	0.000255587	
96.5997	0.000253679	
96.7997	0.000249865	
96.9997	0.000249865	
97.1997	0.000247957	
97.3997	0.00024605	
97.5997	0.000242234	
97.7997	0.000242234	
97.9996	0.000240327	
98.1996	0.000232697	
98.3996	0.00023079	
98.5996	0.000234605	
98.7996	0.000232697	
98.9996	0.00023079	
99.1996	0.000228883	
99.3996	0.000225068	
99.5996	0.000223161	
99.7996	0.000219346	
99.9996	0.000217439	
100.2	0.000219346	
100.4	0.000217439	
100.6	0.000219346	
100.8	0.000213624	
101	0.000209809	
101.2	0.000209809	
101.4	0.000207902	
101.6	0.000205995	
101.8	0.000204087	
102	0.000204087	
102.2	0.00020218	
102.4	0.00020218	
102.6	0.000200273	
102.8	0.000198365	
103	0.000198365	
103.2	0.000198365	
103.4	0.000196458	
103.6	0.000196458	
103.8	0.00019455	
104	0.00019455	
104.2	0.00019455	
104.4	0.000192643	
104.6	0.000192643	
104.8	0.000228883	
105	0.000196458	
105.2	0.000192643	
105.4	0.000200273	
105.6	0.000200273	
105.8	0.000198365	
106	0.000200273	
106.2	0.000198365	
106.4	0.000179292	
106.6	0.00019455	
106.8	0.000190736	
107	0.000188828	
107.2	0.000183106	
107.4	0.00019455	
107.6	0.00020218	
107.799	0.000192643	
107.999	0.000188828	
108.199	0.000186921	
108.399	0.000186921	
108.599	0.000186921	
108.799	0.000186921	
108.999	0.000183106	
109.199	0.000183106	
109.399	0.000183106	
109.599	0.00019455	
109.799	0.000196458	
109.999	0.000196458	
110.199	0.000196458	
110.399	0.000196458	
110.599	0.000198365	
110.799	0.000198365	
110.999	0.000198365	
111.199	0.000198365	
111.399	0.000198365	
111.599	0.000200273	
111.799	0.00020218	
111.999	0.00020218	
112.199	0.000204087	
112.399	0.000204087	
112.599	0.000204087	
112.799	0.000205995	
112.999	0.000205995	
113.199	0.000207902	
113.399	0.000209809	
113.599	0.000209809	
113.799	0.000209809	
113.999	0.000211717	
114.199	0.000211717	
114.399	0.000213624	
114.599	0.000215531	
114.799	0.000215531	
114.999	0.000217439	
115.199	0.000219346	
115.399	0.000221253	
115.599	0.000223161	
115.799	0.000223161	
115.999	0.000223161	
116.199	0.000225068	
116.399	0.000226975	
116.599	0.000226975	
116.799	0.00023079	
116.999	0.000232697	
117.199	0.000232697	
117.399	0.000234605	
117.599	0.000236512	
117.799	0.00023842	
117.999	0.00023842	
118.199	0.000240327	
118.399	0.000242234	
118.599	0.00024605	
118.799	0.000247957	
118.999	0.000247957	
119.199	0.000249865	
119.399	0.000251772	
119.599	0.000253679	
119.799	0.000255587	
119.999	0.000257494	
120.199	0.000259401	
120.399	0.000263216	
120.599	0.000263216	
120.799	0.000265123	
120.999	0.000267031	
121.199	0.000270845	
121.399	0.000272753	
121.599	0.00027466	
121.799	0.000276567	
121.999	0.000276567	
122.199	0.000280382	
122.399	0.000282289	
122.599	0.000284197	
122.799	0.000286104	
122.999	0.000288012	
123.199	0.000289919	
123.399	0.000289919	
123.599	0.000293734	
123.799	0.000295641	
123.999	0.000297548	
124.199	0.000301363	
124.399	0.00030327	
124.599	0.00030327	
124.799	0.000307085	
124.999	0.0003109	
125.199	0.000312807	
125.399	0.000316622	
125.599	0.000318529	
125.799	0.000320436	
125.999	0.000322344	
126.199	0.000326158	
126.399	0.000326158	
126.599	0.000328066	
126.799	0.000329973	
126.999	0.000335695	
127.199	0.000335695	
127.399	0.000341417	
127.599	0.000343325	
127.799	0.000345232	
127.999	0.000349047	
128.199	0.000350954	
128.399	0.000352861	
128.599	0.000354769	
128.799	0.000356676	
128.999	0.000362398	
129.199	0.000366213	
129.399	0.00036812	
129.599	0.00037575	
129.799	0.00037575	
129.999	0.000377657	
130.199	0.000379564	
130.399	0.000383379	
130.599	0.000385286	
130.799	0.000387194	
130.999	0.000391008	
131.199	0.000394823	
131.399	0.000394823	
131.599	0.000398638	
131.799	0.000400545	
131.999	0.00040436	
132.199	0.000406267	
132.399	0.000408174	
132.599	0.000411989	
132.799	0.000413897	
132.999	0.000415804	
133.199	0.000419619	
133.399	0.000421526	
133.599	0.000425341	
133.799	0.000427248	
133.999	0.000431063	
134.199	0.00043297	
134.399	0.000434877	
134.599	0.000438692	
134.799	0.000440599	
134.999	0.000442507	
135.199	0.000446321	
135.399	0.000448229	
135.599	0.000450136	
135.799	0.000452043	
135.999	0.000455858	
136.199	0.000457766	
136.399	0.00046158	
136.599	0.00046158	
136.799	0.000465395	
136.999	0.000467302	
137.199	0.000471117	
137.399	0.000474932	
137.599	0.000474932	
137.799	0.000476839	
137.999	0.000478746	
138.199	0.000482561	
138.399	0.000484468	
138.599	0.000486376	
138.799	0.000488285	
138.999	0.000488285	
139.199	0.0004921	
139.399	0.000494007	
139.599	0.000497822	
139.799	0.000499729	
139.999	0.000501636	
140.199	0.000501636	
140.399	0.000505451	
140.599	0.000507358	
140.799	0.000509266	
140.999	0.000511173	
141.199	0.000513081	
141.399	0.000513081	
141.599	0.000516895	
141.799	0.000518803	
141.999	0.000518803	
142.199	0.000524525	
142.399	0.000522617	
142.599	0.000524525	
142.799	0.000518803	
142.999	0.000522617	
143.199	0.000522617	
143.399	0.000526432	
143.599	0.000526432	
143.799	0.000528339	
143.999	0.000530247	
144.199	0.000534061	
144.399	0.000534061	
144.599	0.000535969	
144.799	0.000537876	
144.999	0.000539783	
145.199	0.000541691	
145.399	0.00054932	
145.599	0.000648502	
145.799	0.000665668	
145.999	0.000675205	
146.199	0.000673298	
146.399	0.000667576	
146.599	0.00067902	
146.799	0.000667576	
146.999	0.000673298	
147.199	0.00067902	
147.399	0.000686649	
147.599	0.000576023	
147.799	0.000560764	
147.999	0.000558857	
148.199	0.00055695	
148.399	0.000558857	
148.599	0.000558857	
148.799	0.000560764	
148.999	0.000560764	
149.199	0.000562672	
149.399	0.000562672	
149.599	0.000564579	
149.799	0.000564579	
149.999	0.000564579	
150.199	0.000566486	
150.399	0.000566486	
150.599	0.000566486	
150.799	0.000566486	
150.999	0.000568394	
151.199	0.000568394	
151.399	0.000566486	
151.599	0.000568394	
151.799	0.000570301	
151.999	0.000572208	
152.199	0.00058556	
152.399	0.000602726	
152.599	0.000591282	
152.799	0.000579838	
152.999	0.000579838	
153.199	0.000576023	
153.399	0.000574116	
153.599	0.000576023	
153.799	0.000576023	
153.999	0.00057793	
154.199	0.000576023	
154.399	0.000566486	
154.599	0.000566486	
154.799	0.000566486	
154.999	0.000564579	
155.199	0.000564579	
155.399	0.000564579	
155.599	0.000562672	
155.799	0.000558857	
155.999	0.000558857	
156.199	0.000558857	
156.399	0.00055695	
156.599	0.00055695	
156.799	0.00055695	
156.999	0.00055695	
157.199	0.00055695	
157.399	0.000555042	
157.599	0.000553135	
157.799	0.000555042	
157.999	0.000555042	
158.199	0.000555042	
158.399	0.000553135	
158.599	0.000553135	
158.799	0.000551227	
158.999	0.000553135	
159.199	0.00054932	
159.399	0.00054932	
159.599	0.000547413	
159.799	0.000547413	
159.999	0.000545505	
160.199	0.000545505	
160.399	0.000543598	
160.599	0.000543598	
160.799	0.000541691	
160.999	0.000539783	
161.199	0.000539783	
161.399	0.000537876	
161.599	0.000537876	
161.799	0.000535969	
161.999	0.000534061	
162.199	0.000532154	
162.399	0.000530247	
162.599	0.000528339	
162.799	0.000528339	
162.999	0.000526432	
163.199	0.000526432	
163.399	0.000524525	
163.599	0.000522617	
163.799	0.00052071	
163.999	0.000518803	
164.199	0.000516895	
164.399	0.000514988	
164.599	0.000514988	
164.799	0.000513081	
164.999	0.000513081	
165.199	0.000509266	
165.399	0.000505451	
165.599	0.000503544	
165.799	0.000501636	
165.999	0.000501636	
166.199	0.000499729	
166.399	0.000497822	
166.599	0.000495914	
166.799	0.0004921	
166.999	0.000490192	
167.199	0.000488285	
167.399	0.000488285	
167.599	0.000484468	
167.799	0.000482561	
167.999	0.000480654	
168.199	0.000478746	
168.399	0.000474932	
168.599	0.000474932	
168.799	0.000471117	
168.999	0.00046921	
169.199	0.000467302	
169.399	0.000463488	
169.599	0.00046158	
169.799	0.000459673	
169.999	0.000457766	
170.199	0.000453951	
170.399	0.000452043	
170.599	0.000448229	
170.799	0.000446321	
170.999	0.000444414	
171.199	0.000442507	
171.399	0.000440599	
171.599	0.000436785	
171.799	0.000434877	
171.999	0.00043297	
172.199	0.000431063	
172.399	0.000427248	
172.599	0.000425341	
172.799	0.000423433	
172.999	0.000419619	
173.199	0.000417711	
173.398	0.000413897	
173.598	0.000411989	
173.798	0.000408174	
173.998	0.000406267	
174.198	0.00040436	
174.398	0.000400545	
174.598	0.000398638	
174.798	0.000394823	
174.998	0.000391008	
175.198	0.000391008	
175.398	0.000389101	
175.598	0.000385286	
175.798	0.000381472	
175.998	0.000379564	
176.198	0.000377657	
176.398	0.00037575	
176.598	0.000371935	
176.798	0.00036812	
176.998	0.00036812	
177.198	0.000364305	
177.398	0.000362398	
177.598	0.000358583	
177.798	0.000354769	
177.998	0.000354769	
178.198	0.000349047	
178.398	0.000347139	
178.598	0.000343325	
178.798	0.000341417	
178.998	0.00033951	
179.198	0.000337603	
179.398	0.000333788	
179.598	0.000329973	
179.798	0.000329973	
179.998	0.000326158	
180.198	0.000324251	
180.398	0.000320436	
180.598	0.000316622	
180.798	0.000316622	
180.998	0.000312807	
181.198	0.0003109	
181.398	0.000307085	
181.598	0.00030327	
181.798	0.000301363	
181.998	0.000297548	
182.198	0.000295641	
182.398	0.000291826	
182.598	0.000289919	
182.798	0.000288012	
182.998	0.000286104	
183.198	0.000282289	
183.398	0.000278475	
183.598	0.000276567	
183.798	0.00027466	
183.998	0.000272753	
184.198	0.000268938	
184.398	0.000267031	
184.598	0.000263216	
184.798	0.000263216	
184.998	0.000261309	
185.198	0.000257494	
185.398	0.000255587	
185.598	0.000253679	
185.798	0.000249865	
185.998	0.000249865	
186.198	0.00024605	
186.398	0.000244142	
186.598	0.000242234	
186.798	0.00023842	
186.998	0.000236512	
187.198	0.000236512	
187.398	0.000234605	
187.598	0.00023079	
187.798	0.000228883	
187.998	0.000226975	
188.198	0.000223161	
188.398	0.000223161	
188.598	0.000223161	
188.798	0.000219346	
188.998	0.000217439	
189.198	0.000215531	
189.398	0.000213624	
189.598	0.000211717	
189.798	0.000209809	
189.998	0.000209809	
190.198	0.000207902	
190.398	0.000205995	
190.598	0.00020218	
190.798	0.000200273	
190.998	0.000200273	
191.198	0.000198365	
191.398	0.000196458	
191.598	0.000196458	
191.798	0.000196458	
191.998	0.000196458	
192.198	0.00019455	
192.398	0.000192643	
192.598	0.000190736	
192.798	0.000188828	
192.998	0.000188828	
193.198	0.000186921	
193.398	0.000183106	
193.598	0.000183106	
193.798	0.000183106	
193.998	0.000181199	
194.198	0.000181199	
194.398	0.000179292	
194.598	0.000177384	
194.798	0.000175477	
194.998	0.00017357	
195.198	0.000175477	
195.398	0.00017357	
195.598	0.00017357	
195.798	0.000171662	
195.998	0.000169755	
196.198	0.000169755	
196.398	0.000169755	
196.598	0.000169755	
196.798	0.000169755	
196.998	0.000169755	
197.198	0.000167848	
197.398	0.000169755	
197.598	0.000169755	
197.798	0.000169755	
197.998	0.000167848	
198.198	0.00016594	
198.398	0.00016594	
198.598	0.000167848	
198.798	0.00016594	
198.998	0.00016594	
199.198	0.00016594	
199.398	0.00016594	
199.598	0.00016594	
199.798	0.00016594	
199.998	0.00016594	
200.198	0.00016594	
200.398	0.00016594	
200.598	0.00016594	
200.798	0.00016594	
200.998	0.00016594	
201.198	0.00016594	
201.398	0.00016594	
201.598	0.00016594	
201.798	0.000167848	
201.998	0.000167848	
202.198	0.000167848	
202.398	0.000167848	
202.598	0.000169755	
202.798	0.000169755	
202.998	0.000169755	
203.198	0.000169755	
203.398	0.000171662	
203.598	0.000171662	
203.798	0.000171662	
203.998	0.00017357	
204.198	0.00017357	
204.398	0.00017357	
204.598	0.000175477	
204.798	0.000177384	
204.998	0.000177384	
205.198	0.000179292	
205.398	0.000181199	
205.598	0.000183106	
205.798	0.000183106	
205.998	0.000183106	
206.198	0.000183106	
206.398	0.000186921	
206.598	0.000188828	
206.798	0.000190736	
206.998	0.000188828	
207.198	0.000190736	
207.398	0.000192643	
207.598	0.00019455	
207.798	0.000196458	
207.998	0.000196458	
208.198	0.000196458	
208.398	0.000198365	
208.598	0.00020218	
208.798	0.00020218	
208.998	0.000204087	
209.198	0.000205995	
209.398	0.000207902	
209.598	0.000209809	
209.798	0.000209809	
209.998	0.000211717	
210.198	0.000213624	
210.398	0.000215531	
210.598	0.000219346	
210.798	0.000221253	
210.998	0.000223161	
211.198	0.000225068	
211.398	0.000226975	
211.598	0.00023079	
211.798	0.000234605	
211.998	0.000236512	
212.198	0.00023842	
212.398	0.000244142	
212.598	0.000244142	
212.798	0.000242234	
212.998	0.000244142	
213.198	0.000247957	
213.398	0.000249865	
213.598	0.000253679	
213.798	0.000261309	
213.998	0.000255587	
214.198	0.000257494	
214.398	0.000259401	
214.598	0.000261309	
214.798	0.000261309	
214.998	0.000263216	
215.198	0.000263216	
215.398	0.000267031	
215.598	0.000267031	
215.798	0.000267031	
215.998	0.000270845	
216.198	0.000276567	
216.398	0.000276567	
216.598	0.000278475	
216.798	0.000280382	
216.998	0.000282289	
217.198	0.000284197	
217.398	0.000289919	
217.598	0.000289919	
217.798	0.000293734	
217.998	0.000295641	
218.198	0.000297548	
218.398	0.000301363	
218.598	0.00030327	
218.798	0.000305178	
218.998	0.000308992	
219.198	0.0003109	
219.398	0.000314714	
219.598	0.000316622	
219.798	0.000318529	
219.998	0.000320436	
220.198	0.000324251	
220.398	0.000326158	
220.598	0.000329973	
220.798	0.000329973	
220.998	0.000331881	
221.198	0.000335695	
221.398	0.00033951	
221.598	0.000341417	
221.798	0.000343325	
221.998	0.000345232	
222.198	0.000349047	
222.398	0.000350954	
222.598	0.000354769	
222.798	0.000354769	
222.998	0.000358583	
223.198	0.000360491	
223.398	0.000364305	
223.598	0.000366213	
223.798	0.00036812	
223.998	0.000371935	
224.198	0.000373842	
224.398	0.000377657	
224.598	0.000379564	
224.798	0.000381472	
224.998	0.000383379	
225.198	0.000387194	
225.398	0.000389101	
225.598	0.000391008	
225.798	0.000394823	
225.998	0.000394823	
226.198	0.000398638	
226.398	0.000400545	
226.598	0.00040436	
226.798	0.000406267	
226.998	0.000408174	
227.198	0.000410082	
227.398	0.000413897	
227.598	0.000415804	
227.798	0.000419619	
227.998	0.000421526	
228.198	0.000423433	
228.398	0.000425341	
228.598	0.000427248	
228.798	0.000429155	
228.998	0.00043297	
229.198	0.000434877	
229.398	0.000434877	
229.598	0.000436785	
229.798	0.000440599	
229.998	0.000442507	
230.198	0.000444414	
230.398	0.000448229	
230.598	0.000448229	
230.798	0.000450136	
230.998	0.000453951	
231.198	0.000455858	
231.398	0.000457766	
231.598	0.000459673	
231.798	0.00046158	
231.998	0.000463488	
232.198	0.000465395	
232.398	0.000467302	
232.598	0.000471117	
232.798	0.000471117	
232.998	0.000474932	
233.198	0.000474932	
233.398	0.000474932	
233.598	0.000478746	
233.798	0.000480654	
233.998	0.000482561	
234.198	0.000484468	
234.398	0.000486376	
234.598	0.000488285	
234.798	0.000488285	
234.998	0.000488285	
235.198	0.0004921	
235.398	0.000494007	
235.598	0.000494007	
235.798	0.000495914	
235.998	0.000499729	
236.198	0.000511173	
236.398	0.000507358	
236.598	0.000513081	
236.798	0.000513081	
236.998	0.000514988	
237.198	0.000514988	
237.398	0.000516895	
237.598	0.000518803	
237.798	0.000518803	
237.998	0.00052071	
238.198	0.000522617	
238.398	0.000522617	
238.598	0.000524525	
238.798	0.000524525	
238.997	0.000526432	
239.197	0.000526432	
239.397	0.000526432	
239.597	0.000526432	
239.797	0.000528339	
239.997	0.000530247	
240.197	0.000530247	
240.397	0.000530247	
240.597	0.000532154	
240.797	0.000532154	
240.997	0.000530247	
241.197	0.000532154	
241.397	0.000535969	
241.597	0.000534061	
241.797	0.000534061	
241.997	0.000534061	
242.197	0.000534061	
242.397	0.000534061	
242.597	0.000535969	
242.797	0.000534061	
242.997	0.000535969	
243.197	0.000535969	
243.397	0.000539783	
243.597	0.000543598	
243.797	0.000539783	
243.997	0.000539783	
244.197	0.000539783	
244.397	0.000539783	
244.597	0.000539783	
244.797	0.000539783	
244.997	0.000543598	
245.197	0.000545505	
245.397	0.000543598	
245.597	0.000543598	
245.797	0.000543598	
245.997	0.000543598	
246.197	0.000543598	
246.397	0.000543598	
246.597	0.000541691	
246.797	0.000541691	
246.997	0.000541691	
247.197	0.000541691	
247.397	0.000539783	
247.597	0.000539783	
247.797	0.000539783	
247.997	0.000539783	
248.197	0.000539783	
248.397	0.000539783	
248.597	0.000539783	
248.797	0.000539783	
248.997	0.000539783	
249.197	0.000537876	
249.397	0.000535969	
249.597	0.000535969	
249.797	0.000534061	
249.997	0.000534061	
250.197	0.000532154	
250.397	0.000532154	
250.597	0.000530247	
250.797	0.000528339	
250.997	0.000526432	
251.197	0.000526432	
251.397	0.000526432	
251.597	0.000524525	
251.797	0.000522617	
251.997	0.000522617	
252.197	0.00052071	
252.397	0.000518803	
252.597	0.000518803	
252.797	0.000516895	
252.997	0.000514988	
253.197	0.000513081	
253.397	0.000513081	
253.597	0.000513081	
253.797	0.000513081	
253.997	0.000511173	
254.197	0.000509266	
254.397	0.000507358	
254.597	0.000505451	
254.797	0.000503544	
254.997	0.000501636	
255.197	0.000501636	
255.397	0.000497822	
255.597	0.000495914	
255.797	0.000494007	
255.997	0.0004921	
256.197	0.000490192	
256.397	0.000488285	
256.597	0.000488285	
256.797	0.000486376	
256.997	0.000482561	
257.197	0.000480654	
257.397	0.000478746	
257.597	0.000474932	
257.797	0.000474932	
257.997	0.000473024	
258.197	0.000471117	
258.397	0.000467302	
258.597	0.000465395	
258.797	0.000463488	
258.997	0.00046158	
259.197	0.000459673	
259.397	0.000457766	
259.597	0.000455858	
259.797	0.000452043	
259.997	0.000450136	
260.197	0.000448229	
260.397	0.000446321	
260.598	0.000444414	
260.798	0.000442507	
260.998	0.000434877	
261.198	0.000429155	
261.398	0.000425341	
261.598	0.000423433	
261.798	0.000421526	
261.998	0.000417711	
262.198	0.000415804	
262.398	0.000413897	
262.598	0.000411989	
262.798	0.000408174	
262.998	0.000408174	
263.198	0.00040436	
263.398	0.000402452	
263.598	0.000398638	
263.798	0.000398638	
263.998	0.000394823	
264.198	0.000394823	
264.398	0.000389101	
264.598	0.000387194	
264.798	0.000385286	
264.998	0.000381472	
265.198	0.000381472	
265.398	0.000377657	
265.598	0.00037575	
265.798	0.000371935	
265.998	0.00036812	
266.198	0.000366213	
266.398	0.000366213	
266.598	0.000362398	
266.798	0.000358583	
266.998	0.000356676	
267.198	0.000354769	
267.398	0.000352861	
267.598	0.000349047	
267.798	0.000347139	
267.998	0.000345232	
268.198	0.000341417	
268.398	0.000341417	
268.598	0.000337603	
268.798	0.000333788	
268.998	0.000331881	
269.198	0.000329973	
269.398	0.000328066	
269.598	0.000326158	
269.798	0.000322344	
269.998	0.000320436	
270.198	0.000318529	
270.398	0.000316622	
270.598	0.000314714	
270.798	0.0003109	
270.998	0.000308992	
271.198	0.000305178	
271.398	0.00030327	
271.598	0.000297548	
271.798	0.000297548	
271.998	0.000291826	
272.198	0.000289919	
272.398	0.000289919	
272.598	0.000288012	
272.798	0.000282289	
272.998	0.000284197	
273.198	0.000282289	
273.398	0.000280382	
273.598	0.000278475	
273.798	0.000276567	
273.998	0.00027466	
274.198	0.000272753	
274.398	0.000268938	
274.598	0.000267031	
274.798	0.000263216	
274.998	0.000257494	
275.198	0.000255587	
275.398	0.000255587	
275.598	0.000253679	
275.798	0.000251772	
275.998	0.000249865	
276.198	0.000249865	
276.398	0.00024605	
276.598	0.000244142	
276.798	0.000242234	
276.999	0.000240327	
277.199	0.00023842	
277.399	0.000236512	
277.599	0.000234605	
277.799	0.000236512	
277.999	0.000236512	
278.199	0.000236512	
278.399	0.000232697	
278.599	0.000228883	
278.799	0.000228883	
278.999	0.000225068	
279.199	0.000223161	
279.399	0.000223161	
279.599	0.000221253	
279.799	0.000221253	
279.999	0.000219346	
280.199	0.000219346	
280.399	0.000215531	
280.599	0.000213624	
280.799	0.000213624	
280.999	0.000209809	
281.199	0.000209809	
281.399	0.000209809	
281.599	0.000207902	
281.799	0.000207902	
281.999	0.000205995	
282.199	0.000205995	
282.399	0.000204087	
282.599	0.00020218	
282.799	0.000200273	
282.999	0.000200273	
283.199	0.000198365	
283.399	0.000200273	
283.599	0.000196458	
283.799	0.000196458	
283.999	0.00019455	
284.199	0.000192643	
284.399	0.000192643	
284.599	0.000192643	
284.799	0.00019455	
284.999	0.00019455	
285.199	0.000192643	
285.399	0.000192643	
285.599	0.000190736	
285.799	0.000190736	
285.999	0.000190736	
286.199	0.000190736	
286.399	0.000188828	
286.599	0.000186921	
286.799	0.000186921	
286.999	0.000188828	
287.199	0.000186921	
287.399	0.000186921	
287.599	0.000186921	
287.799	0.000186921	
287.999	0.000186921	
288.199	0.000185014	
288.399	0.000186921	
288.599	0.000185014	
288.799	0.000186921	
288.999	0.000185014	
289.199	0.000185014	
289.399	0.000186921	
289.599	0.000186921	
289.799	0.000186921	
289.999	0.000186921	
290.199	0.000186921	
290.399	0.000188828	
290.599	0.000186921	
290.799	0.000186921	
290.999	0.000186921	
291.199	0.000188828	
291.399	0.000188828	
291.599	0.000188828	
291.799	0.000188828	
291.999	0.000190736	
292.199	0.000190736	
292.399	0.000192643	
292.599	0.000192643	
292.799	0.000192643	
292.999	0.00019455	
293.199	0.00019455	
293.4	0.00019455	
293.6	0.000196458	
293.8	0.000196458	
294	0.000196458	
294.2	0.000198365	
294.4	0.000198365	
294.6	0.000200273	
294.8	0.00020218	
295	0.00020218	
295.2	0.000204087	
295.4	0.000204087	
295.6	0.000205995	
295.8	0.000207902	
296	0.000207902	
296.2	0.000209809	
296.4	0.000209809	
296.6	0.000211717	
296.8	0.000211717	
297	0.000213624	
297.2	0.000215531	
297.4	0.000217439	
297.6	0.000219346	
297.8	0.000219346	
298	0.000221253	
298.2	0.000223161	
298.4	0.000223161	
298.6	0.000225068	
298.8	0.000226975	
299	0.000228883	
299.2	0.000232697	
299.4	0.000232697	
299.6	0.000234605	
299.8	0.000236512	
300	0.000236512	
300.2	0.00023842	
300.4	0.000240327	
300.6	0.000242234	
300.8	0.000244142	
301	0.00024605	
301.2	0.000247957	
301.4	0.000249865	
301.6	0.000251772	
301.8	0.000251772	
302	0.000255587	
302.2	0.000257494	
302.4	0.000261309	
302.6	0.000263216	
302.8	0.000263216	
303	0.000267031	
303.2	0.000268938	
303.4	0.000270845	
303.6	0.000272753	
303.8	0.00027466	
304	0.000276567	
304.2	0.000278475	
304.4	0.000280382	
304.6	0.000284197	
304.8	0.000286104	
305	0.000289919	
305.2	0.000289919	
305.4	0.000291826	
305.6	0.000295641	
305.8	0.000299456	
306	0.00030327	
306.2	0.00030327	
306.4	0.000305178	
306.6	0.000307085	
306.8	0.0003109	
307	0.000312807	
307.2	0.000314714	
307.4	0.000316622	
307.6	0.000318529	
307.8	0.000322344	
308	0.000324251	
308.2	0.000326158	
308.4	0.000328066	
308.6	0.000329973	
308.8	0.000333788	
309	0.000337603	
309.2	0.00033951	
309.4	0.000341417	
309.6	0.000341417	
309.801	0.000347139	
310.001	0.000349047	
310.201	0.000350954	
310.401	0.000354769	
310.601	0.000354769	
310.801	0.000358583	
311.001	0.000360491	
311.201	0.000364305	
311.401	0.00036812	
311.601	0.00036812	
311.801	0.000370027	
312.001	0.000373842	
312.201	0.00037575	
312.401	0.000379564	
312.601	0.000381472	
312.801	0.000383379	
313.001	0.000387194	
313.201	0.000391008	
313.401	0.000394823	
313.601	0.000400545	
313.801	0.000402452	
314.001	0.000400545	
314.201	0.000402452	
314.401	0.000406267	
314.601	0.000408174	
314.801	0.000410082	
315.001	0.000411989	
315.201	0.000413897	
315.401	0.000417711	
315.601	0.000419619	
315.801	0.000421526	
316.001	0.000423433	
316.201	0.000427248	
316.401	0.000429155	
316.601	0.000431063	
316.801	0.000434877	
317.001	0.000434877	
317.201	0.000438692	
317.401	0.000440599	
317.601	0.000444414	
317.801	0.000446321	
318.001	0.000448229	
318.201	0.000450136	
318.401	0.000452043	
318.601	0.000453951	
318.801	0.000455858	
319.001	0.000459673	
319.201	0.00046158	
319.401	0.00046158	
319.601	0.000463488	
319.801	0.000467302	
320.001	0.00046921	
320.201	0.000471117	
320.401	0.000474932	
320.601	0.000474932	
320.801	0.000476839	
321.001	0.000480654	
321.201	0.000482561	
321.401	0.000484468	
321.601	0.000486376	
321.801	0.000488285	
322.001	0.000490192	
322.201	0.0004921	
322.401	0.000494007	
322.601	0.000495914	
322.801	0.000497822	
323.001	0.000499729	
323.201	0.000501636	
323.401	0.000501636	
323.601	0.000505451	
323.801	0.000507358	
324.001	0.000509266	
324.201	0.000511173	
324.401	0.000513081	
324.601	0.000513081	
324.801	0.000514988	
325.001	0.000516895	
325.201	0.000518803	
325.401	0.00052071	
325.601	0.00052071	
325.801	0.000524525	
326.001	0.000524525	
326.202	0.000526432	
326.402	0.000526432	
326.602	0.000528339	
326.802	0.000530247	
327.002	0.000532154	
327.202	0.000532154	
327.402	0.000534061	
327.602	0.000535969	
327.802	0.000535969	
328.002	0.000537876	
328.202	0.000539783	
328.402	0.000541691	
328.602	0.00054932	
328.802	0.000551227	
329.002	0.000553135	
329.202	0.000553135	
329.402	0.000558857	
329.602	0.000562672	
329.802	0.000564579	
330.002	0.000562672	
330.202	0.000543598	
330.402	0.000545505	
330.602	0.000545505	
330.802	0.000547413	
331.002	0.000547413	
331.202	0.00054932	
331.402	0.00054932	
331.602	0.000547413	
331.802	0.00054932	
332.002	0.00054932	
332.202	0.000551227	
332.402	0.000551227	
332.602	0.000551227	
332.802	0.000553135	
333.002	0.000553135	
333.202	0.000553135	
333.402	0.000553135	
333.602	0.000553135	
333.802	0.000553135	
334.002	0.000553135	
334.202	0.000553135	
334.402	0.000553135	
334.602	0.000553135	
334.802	0.000553135	
335.002	0.000551227	
335.202	0.000551227	
335.402	0.00054932	
335.602	0.000551227	
335.802	0.000551227	
336.002	0.00054932	
336.202	0.00054932	
336.402	0.00054932	
336.602	0.000547413	
336.802	0.00054932	
337.002	0.000547413	
337.202	0.000547413	
337.402	0.000547413	
337.602	0.000547413	
337.802	0.000545505	
338.002	0.000545505	
338.202	0.000545505	
338.402	0.000545505	
338.602	0.000543598	
338.802	0.000541691	
339.002	0.000541691	
339.202	0.000539783	
339.402	0.000539783	
339.602	0.000539783	
339.802	0.000537876	
340.002	0.000535969	
340.202	0.000535969	
340.402	0.000534061	
340.602	0.000532154	
340.802	0.000532154	
341.002	0.000530247	
341.202	0.000528339	
341.402	0.000526432	
341.602	0.000526432	
341.802	0.000526432	
342.002	0.000524525	
342.202	0.000524525	
342.402	0.000522617	
342.603	0.00052071	
342.803	0.000518803	
343.003	0.000516895	
343.203	0.000516895	
343.403	0.000513081	
343.603	0.000513081	
343.803	0.000513081	
344.003	0.000511173	
344.203	0.000509266	
344.403	0.000507358	
344.603	0.000505451	
344.803	0.000503544	
345.003	0.000509266	
345.203	0.000509266	
345.403	0.000505451	
345.603	0.000503544	
345.803	0.000497822	
346.003	0.000497822	
346.203	0.000494007	
346.403	0.0004921	
346.603	0.000490192	
346.803	0.000488285	
347.003	0.000486376	
347.203	0.000482561	
347.403	0.000480654	
347.603	0.000478746	
347.803	0.000476839	
348.003	0.000474932	
348.203	0.000473024	
348.403	0.000471117	
348.603	0.00046921	
348.803	0.000467302	
349.003	0.000463488	
349.203	0.00046158	
349.403	0.00046158	
349.603	0.000455858	
349.803	0.000453951	
350.003	0.000450136	
350.203	0.000448229	
350.403	0.000448229	
350.603	0.000444414	
350.803	0.000442507	
351.003	0.000440599	
351.203	0.000436785	
351.403	0.000434877	
351.603	0.000431063	
351.803	0.000429155	
352.003	0.000427248	
352.203	0.000423433	
352.403	0.000421526	
352.603	0.000419619	
352.803	0.000417711	
353.003	0.000413897	
353.203	0.000410082	
353.403	0.000408174	
353.603	0.000406267	
353.803	0.00040436	
354.003	0.000402452	
354.203	0.00040436	
354.403	0.000400545	
354.603	0.000398638	
354.803	0.000394823	
355.003	0.000392916	
355.203	0.000391008	
355.403	0.000387194	
355.603	0.000385286	
355.803	0.000381472	
356.003	0.000379564	
356.203	0.000377657	
356.403	0.000373842	
356.603	0.000371935	
356.803	0.00036812	
357.003	0.000366213	
357.203	0.000364305	
357.403	0.000360491	
357.603	0.000356676	
357.803	0.000354769	
358.003	0.000352861	
358.203	0.000350954	
358.403	0.000347139	
358.603	0.000345232	
358.803	0.000341417	
359.004	0.00033951	
359.204	0.000335695	
359.404	0.000333788	
359.604	0.000331881	
359.804	0.000329973	
360.004	0.000328066	
360.204	0.000324251	
360.404	0.000320436	
360.604	0.000316622	
360.804	0.000316622	
361.004	0.000314714	
361.204	0.0003109	
361.404	0.000308992	
361.604	0.000305178	
361.804	0.00030327	
362.004	0.000301363	
362.204	0.000297548	
362.404	0.000293734	
362.604	0.000291826	
362.804	0.000289919	
363.004	0.000286104	
363.204	0.000286104	
363.404	0.000282289	
363.604	0.000278475	
363.804	0.000276567	
364.004	0.000276567	
364.204	0.000272753	
364.404	0.000268938	
364.604	0.000267031	
364.804	0.000265123	
365.004	0.000263216	
365.204	0.000261309	
365.404	0.000257494	
365.604	0.000255587	
365.804	0.000253679	
366.004	0.000251772	
366.204	0.000247957	
366.404	0.00024605	
366.604	0.000244142	
366.804	0.000240327	
367.004	0.00023842	
367.204	0.00023842	
367.404	0.000236512	
367.604	0.000234605	
367.804	0.000232697	
368.004	0.00023079	
368.204	0.000225068	
368.404	0.000223161	
368.604	0.000223161	
368.804	0.000221253	
369.004	0.000219346	
369.204	0.000217439	
369.404	0.000215531	
369.604	0.000213624	
369.804	0.000211717	
370.004	0.000209809	
370.204	0.000207902	
370.404	0.000207902	
370.604	0.000205995	
370.804	0.00020218	
371.004	0.00020218	
371.204	0.000200273	
371.404	0.000198365	
371.604	0.000196458	
371.804	0.000196458	
372.004	0.00019455	
372.204	0.00019455	
372.404	0.000192643	
372.604	0.000190736	
372.804	0.000188828	
373.004	0.000188828	
373.204	0.000186921	
373.404	0.000185014	
373.604	0.000183106	
373.804	0.000183106	
374.004	0.000183106	
374.204	0.000183106	
374.404	0.000181199	
374.604	0.000179292	
374.804	0.000179292	
375.004	0.000177384	
375.204	0.000177384	
375.405	0.000177384	
375.605	0.000175477	
375.805	0.000175477	
376.005	0.000175477	
376.205	0.00017357	
376.405	0.00017357	
376.605	0.000171662	
376.805	0.000171662	
377.005	0.000171662	
377.205	0.000169755	
377.405	0.000169755	
377.605	0.000169755	
377.805	0.000169755	
378.005	0.000169755	
378.205	0.000169755	
378.405	0.000169755	
378.605	0.000169755	
378.805	0.000169755	
379.005	0.000169755	
379.205	0.000169755	
379.405	0.000169755	
379.605	0.000169755	
379.805	0.000169755	
380.005	0.000169755	
380.205	0.000169755	
380.405	0.000169755	
380.605	0.000169755	
380.805	0.000169755	
381.005	0.000169755	
381.205	0.000167848	
381.405	0.000167848	
381.605	0.000167848	
381.805	0.000167848	
382.005	0.000167848	
382.205	0.000169755	
382.405	0.000167848	
382.605	0.000177384	
382.805	0.000167848	
383.005	0.000171662	
383.205	0.00016594	
383.405	0.00016594	
383.605	0.000167848	
383.805	0.000169755	
384.005	0.00017357	
384.205	0.000177384	
384.405	0.000183106	
384.605	0.000185014	
384.805	0.000183106	
385.005	0.000190736	
385.205	0.00019455	
385.405	0.000188828	
385.605	0.000186921	
385.805	0.000186921	
386.005	0.000188828	
386.205	0.000190736	
386.405	0.000190736	
386.605	0.000192643	
386.805	0.00019455	
387.005	0.000196458	
387.205	0.000196458	
387.405	0.000196458	
387.605	0.000198365	
387.805	0.000200273	
388.005	0.000207902	
388.205	0.000204087	
388.405	0.000205995	
388.605	0.000207902	
388.805	0.000209809	
389.005	0.000209809	
389.205	0.000211717	
389.405	0.000213624	
389.605	0.000215531	
389.805	0.000217439	
390.005	0.000219346	
390.205	0.000221253	
390.405	0.000223161	
390.605	0.000223161	
390.805	0.000225068	
391.005	0.000226975	
391.205	0.000228883	
391.405	0.000232697	
391.605	0.000234605	
391.806	0.000236512	
392.006	0.000236512	
392.206	0.00023842	
392.406	0.000242234	
392.606	0.000244142	
392.806	0.00024605	
393.006	0.000247957	
393.206	0.000249865	