0	0.000312807
1	0.000322582
2	0.000331881
3	0.000343801
4	0.000356676
5	0.000365259
6	0.000377895
7	0.000388863
8	0.000398638
9	0.00041032
10	0.000412704
11	0.000421764
12	0.000432493
13	0.000438454
14	0.000441315
15	0.000447752
16	0.000454189
17	0.000459434
18	0.000467064
19	0.000469448
20	0.000473263
21	0.000466349
22	0.00046611
23	0.000468971
24	0.00047064
25	0.000467302
26	0.000463249
27	0.000461819
28	0.000459911
29	0.00045705
30	0.000453951
31	0.000449421
32	0.000444653
33	0.000439169
34	0.00043297
35	0.000426771
36	0.000418426
37	0.000411035
38	0.000402452
39	0.000394585
40	0.000386002
41	0.000376942
42	0.00036812
43	0.000358107
44	0.000349285
45	0.000339748
46	0.00033045
47	0.000320436
48	0.000311615
49	0.000302078
50	0.000293734
51	0.000284912
52	0.000275614
53	0.000267746
54	0.000258924
55	0.000251057
56	0.000243188
57	0.000236512
58	0.00022936
59	0.000222922
60	0.000216962
61	0.000211955
62	0.000207425
63	0.000203134
64	0.000199796
65	0.000196935
66	0.00019455
67	0.000192882
68	0.000192166
69	0.000191928
70	0.000192643
71	0.000193597
72	0.000195266
73	0.000197888
74	0.000200749
75	0.000204564
76	0.000208379
77	0.000213147
78	0.000219108
79	0.000224114
80	0.000230313
81	0.000237227
82	0.000243426
83	0.000251295
84	0.000258924
85	0.000267269
86	0.000275375
87	0.000283482
88	0.000292541
89	0.000301363
90	0.000310423
91	0.000319244
92	0.000328066
93	0.000337603
94	0.000346186
95	0.000355484
96	0.000363829
97	0.000372412
98	0.000380279
99	0.000388386
100	0.000396015
101	0.000403168
102	0.00041032
103	0.000416758
104	0.000421764
105	0.000427725
106	0.000432016
107	0.000436785
108	0.000440838
109	0.000447752
110	0.00045252
111	0.000460627
112	0.000451567
113	0.000467541
114	0.000455858
115	0.000440123
116	0.000447752
117	0.000450375
118	0.000448467
119	0.000442984
120	0.000437738
121	0.000441315
122	0.000431778
123	0.000640158
124	0.000415804
125	0.000408174
126	0.000407459
127	0.000399591
128	0.0003953
129	0.000385763
130	0.000371458
131	0.000366928
132	0.000462057
133	0.000476362
134	0.00049353
135	0.000599626
136	0.000394108
137	0.000319244
138	0.000286343
139	0.000273945
140	0.000263931
141	0.000253918
142	0.000244142
143	0.000234843
144	0.000225068
145	0.000216485
146	0.000207664
147	0.000199319
148	0.000191689
149	0.000183345
150	0.0001781
151	0.000171901
152	0.000164987
153	0.00015998
154	0.000157596
155	0.000153781
156	0.000151635
157	0.000149728
158	0.000148774
159	0.000148774
160	0.000149489
161	0.000150681
162	0.000153304
163	0.000155927
164	0.000160457
165	0.00016451
166	0.000169755
167	0.000176431
168	0.00018406
169	0.000191928
170	0.000199796
171	0.000208617
172	0.000217439
173	0.000227691
174	0.000237466
175	0.000247957
176	0.000258924
177	0.00027013
178	0.000281097
179	0.000292541
180	0.000303986
181	0.000315906
182	0.000327351
183	0.000338795
184	0.000350954
185	0.000361444
186	0.00037265
187	0.000383379
188	0.000393631
189	0.000403168
190	0.000412466
191	0.000421764
192	0.000429632
193	0.000437262
194	0.000444414
195	0.000450613
196	0.00045705
197	0.000462295
198	0.000465872
199	0.000469925
200	0.00047374
201	0.000476839
202	0.000478985
203	0.000479462
204	0.000478746
205	0.000480654
206	0.000477316
207	0.000477077
208	0.000473978
209	0.000471117
210	0.000466825
211	0.000462295
212	0.000456812
213	0.000450136
214	0.000442745
215	0.000435354
216	0.00042701
217	0.000419857
218	0.000410797
219	0.000402452
220	0.000391962
221	0.000383141
222	0.000372412
223	0.000362875
224	0.000351431
225	0.000340464
226	0.000331165
227	0.000320913
228	0.000309708
229	0.000299932
230	0.000289204
231	0.000279667
232	0.000269176
233	0.000260832
234	0.000258448
235	0.000253441
236	0.000237466
237	0.000229121
238	0.000221253
239	0.000213624
240	0.00020814
241	0.000203372
242	0.000195266
243	0.000190974
244	0.00018716
245	0.000183822
246	0.000181676
247	0.000180245
248	0.00017953
249	0.000180484
250	0.000182153
251	0.000185967
252	0.000187636
253	0.000193835
254	0.000194312
255	0.000195504
256	0.000198604
257	0.000203849
258	0.000209332
259	0.00021577
260	0.000222445
261	0.000229836
262	0.000237704
263	0.000245096
264	0.000253202
265	0.000262024
266	0.000270607
267	0.000280621
268	0.000290157
269	0.000299217
270	0.000308516
271	0.000317814
272	0.000327351
273	0.000336649
274	0.00034547
275	0.000354769
276	0.000362875
277	0.000371696
278	0.000379803
279	0.000386717
280	0.000393393
281	0.000400307
282	0.000407698
283	0.000413897
284	0.000417711
285	0.000424149
286	0.000428917
287	0.000433447
288	0.000436785
289	0.000440361
290	0.000442745
291	0.000445368
292	0.000446798
293	0.000447752
294	0.000448467
295	0.000447752
296	0.000446798
297	0.000444414
298	0.00044203
299	0.00043893
300	0.000434401
301	0.000430109
302	0.000425341
303	0.00041938
304	0.000412943
305	0.000406029
306	0.000399115
307	0.000391724
308	0.000383617
309	0.000375511
310	0.000363113
311	0.000356438
312	0.000348808
313	0.000338795
314	0.00032902
315	0.000319483
316	0.000309708
317	0.000299932
318	0.000289919
319	0.000280859
320	0.000272037
321	0.000262739
322	0.000253441
323	0.000245096
324	0.000236751
325	0.000228883
326	0.00022173
327	0.000214339
328	0.000206948
329	0.000200988
330	0.000195027
331	0.000189305
332	0.000184537
333	0.000180484
334	0.000176669
335	0.000174762
336	0.000172139
337	0.000170947
338	0.000169755
339	0.000169755
340	0.000170232
341	0.000171424
342	0.00017357
343	0.000176431
344	0.000179769
345	0.000184298
346	0.000189305
347	0.000193835
348	0.000199796
349	0.00020671
350	0.000214101
351	0.000222445
352	0.000231267
353	0.00023985
354	0.000249626
355	0.00025964
356	0.000270369
357	0.000281097
358	0.000291588
359	0.000302793
360	0.000313999
