0	0.0267125	
1	0.0267507	
2	0.0268155	
3	0.026888	
4	0.026909	
5	0.0269414	
6	0.0270406	
7	0.0271608	
8	0.0272256	
9	0.0273534	
10	0.0274812	
11	0.0275651	
12	0.0277044	
13	0.0278245	
14	0.0279695	
15	0.0281068	
16	0.0282441	
17	0.0283624	
18	0.0284997	
19	0.0286084	
20	0.0287706	
21	0.0288697	
22	0.0290185	
23	0.0291005	
24	0.0291997	
25	0.0293008	
26	0.0293733	
27	0.0294839	
28	0.0295717	
29	0.0297395		
31	0.02977	
32	0.0297719	
33	0.0298234	
34	0.0298387	
35	0.0298139	
36	0.0298425	
37	0.0298978	
38	0.0299093	
39	0.0298749	
40	0.0298387	
41	0.0298406	
42	0.0298196	
43	0.0297719	
44	0.029709	
45	0.0296365	
46	0.0295583	
47	0.0294534	
48	0.0293924	
49	0.0292989	
50	0.0291787	
51	0.0290776	
52	0.0289537	
53	0.0288144	
54	0.0286752	
55	0.0285035	
56	0.0282594	
57	0.0280896	
58	0.0279046	
59	0.0277005	
60	0.0274945	
61	0.0272866	
62	0.0270616	
63	0.0268365	
64	0.0266076	
65	0.0263635	
66	0.0261194	
67	0.0258828	
68	0.0257493	
69	0.0258161	
70	0.0254861	
71	0.0250646	
72	0.0247918	
73	0.0244123	
74	0.0240442	
75	0.0237008	
76	0.0234224	
77	0.0232202	
78	0.0229779	
79	0.022709	
80	0.0224801	
81	0.0222627	
82	0.0220472	
83	0.0218126	
84	0.0216695	
85	0.0215875	
86	0.0214807	
87	0.0213987	
88	0.0213166	
89	0.0212613	
90	0.0212518	
91	0.0213128	
92	0.0213491	
93	0.0214273	
94	0.0215226	
95	0.0216542	
96	0.0218126	
97	0.0219823	
98	0.0221883	
99	0.0224077	
100	0.0226289	
101	0.0228578	
102	0.0230886	
103	0.023367	
104	0.0236284	
105	0.0238858	
106	0.0241529	
107	0.0244313	
108	0.0247022	
109	0.0250169	
110	0.0252687	
111	0.0255128	
112	0.0257951	
113	0.0260392	
114	0.0262758	
115	0.0264245	
116	0.0267011	
117	0.0269357	
118	0.0271627	
119	0.0273649	
120	0.0275441	
121	0.0277025	
122	0.0278779	
123	0.0280286	
124	0.028185	
125	0.0283242	
126	0.0284616	
127	0.0285856	
128	0.0286771	
129	0.0287744	
130	0.0288488	
131	0.0289251	
132	0.0289994	
133	0.0290605	
134	0.0290891	
135	0.0291349	
136	0.0291368	
137	0.0291539	
138	0.0291578	
139	0.029152	
140	0.0291349	
141	0.0290872	
142	0.0290605	
143	0.0290204	
144	0.0289785	
145	0.0288965	
146	0.028824	
147	0.0287343	
148	0.028639	
149	0.028536	
150	0.0284654	
151	0.0284082	
152	0.0282022	
153	0.0280381	
154	0.0278894	
155	0.027752	
156	0.0276376	
157	0.0275022	
158	0.0273591	
159	0.0271856	
160	0.0270578	
161	0.0269281	
162	0.0268003	
163	0.0266382	
164	0.0264951	
165	0.0263273	
166	0.0262223	
167	0.0260907	
168	0.0259591	
169	0.0258332	
170	0.0257303	
171	0.0256273	
172	0.0255319	
173	0.0254575	
174	0.0254117	
175	0.0253755	
176	0.0253354	
177	0.0253316	
178	0.0253297	
179	0.0253354	
180	0.0253831	
181	0.0254899	
182	0.0255796	
183	0.0256597	
184	0.0257722	
185	0.0258752	
186	0.0260068	
187	0.0261194	
188	0.0262605	
189	0.0263978	
190	0.0265485	
191	0.0266744	
192	0.0268308	
193	0.0270501	
194	0.0272046	
195	0.0273687	
196	0.0275155	
197	0.0277139	
198	0.0278722	
199	0.0280019	
200	0.0281621	
201	0.0282918	
202	0.028391	
203	0.0285016	
204	0.0286294	
205	0.0287706	
206	0.0289136	
207	0.0290223	
208	0.0291425	
209	0.0291921	
210	0.0292493	
211	0.0293428	
212	0.0294076	
213	0.0294515	
214	0.0295297	
215	0.0295354	
216	0.0295717	
217	0.0295755	
218	0.0295831	
219	0.0295907	
220	0.0296022	
221	0.0295774	
222	0.0295202	
223	0.0294267	
224	0.0294667	
225	0.0293771	
226	0.0293065	
227	0.0292226	
228	0.0291196	
229	0.0289556	
230	0.0288469	
231	0.0287439	
232	0.0286351	
233	0.0285856	
234	0.0282556	
235	0.0280153	
236	0.0278283	
237	0.0276471	
238	0.0274545	
239	0.0272313	
240	0.0270177	
241	0.0268441	
242	0.0268213	
243	0.0270673	
244	0.0274087	
245	0.0259897	
246	0.025591	
247	0.0253221	
248	0.0250531	
249	0.0247442	
250	0.0244619	
251	0.0241681	
252	0.0238782	
253	0.0235997	
254	0.0232717	
255	0.0229818	
256	0.0226918	
257	0.0224057	
258	0.0221406	
259	0.0218793	
260	0.0216371	
261	0.0214578	
262	0.021227	
263	0.0210592	
264	0.0209256	
265	0.0208112	
266	0.0207807	
267	0.0206262	
268	0.0205575	
269	0.0205442	
270	0.0205575	
271	0.02063	
272	0.0207502	
273	0.0209142	
274	0.0209275	
275	0.0210763	
276	0.0212365	
277	0.0214597	
278	0.0216848	
279	0.0218469	
280	0.0220414	
281	0.0223085	
282	0.0226442	
283	0.0228864	
284	0.0231763	
285	0.0234529	
286	0.0237256	
287	0.0240327	
288	0.0243284	
289	0.0245973	
290	0.0248643	
291	0.0251123	
292	0.0254041	
293	0.025654	
294	0.0259076	
295	0.0261213	
296	0.0263273	
297	0.0265695	
298	0.0268003	
299	0.0269891	
300	0.0271779	
301	0.027361	
302	0.0275251	
303	0.0277444	
304	0.0278665	
305	0.0280324	
306	0.0281736	
307	0.0282785	
308	0.0283738	
309	0.0284749	
310	0.028597	
311	0.0287076	
312	0.0287687	
313	0.0288411	
314	0.0288831	
315	0.0289327	
316	0.0289956	
317	0.0289994	
318	0.0291024	
319	0.0290204	
320	0.0289899	
321	0.0290281	
322	0.02903	
323	0.02903	
324	0.0289842	
325	0.0289422	
326	0.0289365	
327	0.028845	
328	0.0288106	
329	0.0287057	
330	0.0286561	
331	0.0285627	
332	0.028452	
333	0.028349	
334	0.0282575	
335	0.0281755	
336	0.028042	
337	0.0279351	
338	0.0278951	
339	0.0277921	
340	0.0277025	
341	0.027609	
342	0.0275079	
343	0.0274411	
344	0.0273267	
345	0.0272256	
346	0.0271341	
347	0.0270635	
348	0.0269891	
349	0.026909	
350	0.0268594	
351	0.0268041	
352	0.0267526	
353	0.0267106	
354	0.0266572	
355	0.0266515	
356	0.0266362	
357	0.0266439	
358	0.0267087	
359	0.0267755	
360	0.0267888	