0	0.0233175	
1	0.023388	
2	0.0234033	
3	0.0233594	
4	0.0232641	
5	0.0231115	
6	0.0230695	
7	0.0230676	
8	0.0230638	
9	0.0230542	
10	0.0230542	
11	0.0230581	
12	0.0230657	
13	0.0230752	
14	0.0231706	
15	0.0233022	
16	0.0233766	
17	0.0234033	
18	0.0233785	
19	0.0233022	
20	0.0231839	
21	0.023039	
22	0.0230104	
23	0.0229932	
24	0.0229722	
25	0.0229455	
26	0.022915	
27	0.0228959	
28	0.0228788	
29	0.0228482	
30	0.0228235	
31	0.0228883	
32	0.0229379	
33	0.0229474	
34	0.022915	
35	0.0228425	
36	0.0227338	
37	0.0225774	
38	0.0223943	
39	0.0223066	
40	0.0222398	
41	0.0221597	
42	0.0220758	
43	0.021988	
44	0.0219022	
45	0.0218126	
46	0.0217191	
47	0.0216218	
48	0.0215245	
49	0.0214959	
50	0.021475	
51	0.0214196	
52	0.0213376	
53	0.021185	
54	0.0209962	
55	0.0207711	
56	0.0205041	
57	0.0202085	
58	0.0200025	
59	0.0197946	
60	0.019581	
61	0.0193635	
62	0.0191232	
63	0.0188771	
64	0.0186158	
65	0.0183393	
66	0.0180513	
67	0.0177442	
68	0.0174199	
69	0.0171567	
70	0.0168916	
71	0.0165731	
72	0.0161992	
73	0.0157682	
74	0.0152836	
75	0.0147458	
76	0.0141488	
77	0.0134926	
78	0.0128136	
79	0.0122262	
80	0.011633	
81	0.0110303	
82	0.0104237	
83	0.00982863	
84	0.00925833	
85	0.00874525	
86	0.00829703	
87	0.00793654	
88	0.00768092	
89	0.0075455	
90	0.00753978	
91	0.00773051	
92	0.00805098	
93	0.00845152	
94	0.00892264	
95	0.00945097	
96	0.00999457	
97	0.0105496	
98	0.0110875	
99	0.0116082	
100	0.0121136	
101	0.0126172	
102	0.0131798	
103	0.0137444	
104	0.0142899	
105	0.0147992	
106	0.0152798	
107	0.0157357	
108	0.0161687	
109	0.0165807	
110	0.0169755	
111	0.0173494	
112	0.0176984	
113	0.0180303	
114	0.0183564	
115	0.0186845	
116	0.019045	
117	0.0193731	
118	0.0196592	
119	0.0199224	
120	0.0201551	
121	0.0203592	
122	0.0205365	
123	0.0206872	
124	0.0208093	
125	0.0209066	
126	0.020981	
127	0.021082	
128	0.0212175	
129	0.0213491	
130	0.0214731	
131	0.0215932	
132	0.0217057	
133	0.0218068	
134	0.021906	
135	0.0219976	
136	0.0220872	
137	0.022175	
138	0.0222532	
139	0.0223352	
140	0.0224115	
141	0.0224859	
142	0.0225507	
143	0.0226499	
144	0.0227815	
145	0.0228864	
146	0.0229646	
147	0.0230294	
148	0.023079	
149	0.0231115	
150	0.0231229	
151	0.023121	
152	0.0231115	
153	0.0230752	
154	0.0230275	
155	0.022976	
156	0.0229169	
157	0.0229245	
158	0.0229455	
159	0.0229608	
160	0.0229799	
161	0.0229913	
162	0.0229951	
163	0.0230008	
164	0.0230027	
165	0.0230066	
166	0.0230104	
167	0.0230104	
168	0.0230142	
169	0.0230237	
170	0.0230371	
171	0.0230542	
172	0.0230695	
173	0.0230886	
174	0.0231115	
175	0.0231801	
176	0.0232564	
177	0.0233194	
178	0.0233785	
179	0.0234224	
180	0.0234529	
181	0.0234681	
182	0.0234758	
183	0.0234739	
184	0.0234548	
185	0.0234281	
186	0.0233918	
187	0.0233442	
188	0.0232908	
189	0.0232259	
190	0.0231839	
191	0.0231782	
192	0.0231725	
193	0.0231725	
194	0.0231935	
195	0.0231744	
196	0.0231611	
197	0.0231553	
198	0.0231439	
199	0.0231324	
200	0.0231191	
201	0.0231057	
202	0.0230924	
203	0.0230733	
204	0.0230581	
205	0.0230371	
206	0.0230104	
207	0.0229837	
208	0.0229589	
209	0.0229245	
210	0.0228921	
211	0.0228978	
212	0.0229112	
213	0.0229226	
214	0.0229093	
215	0.0228807	
216	0.0228521	
217	0.0228063	
218	0.0227491	
219	0.0226747	
220	0.0225908	
221	0.0224935	
222	0.022379	
223	0.0222608	
224	0.0221254	
225	0.0219823	
226	0.0218278	
227	0.0216638	
228	0.0215074	
229	0.0213891	
230	0.0212651	
231	0.0211335	
232	0.0209924	
233	0.0208474	
234	0.020691	
235	0.0205175	
236	0.0203439	
237	0.0201589	
238	0.0199758	
239	0.0197774	
240	0.0195771	
241	0.0193692	
242	0.0191537	
243	0.0189286	
244	0.0186845	
245	0.0184289	
246	0.0181562	
247	0.0178567	
248	0.017542	
249	0.0172101	
250	0.0168611	
251	0.0165006	
252	0.0161458	
253	0.0157911	
254	0.0154076	
255	0.015009	
256	0.0145856	
257	0.0141335	
258	0.0136529	
259	0.013155	
260	0.0126458	
261	0.0121365	
262	0.0116177	
263	0.0111085	
264	0.0106202	
265	0.0101739	
266	0.00977904	
267	0.00945479	
268	0.00921828	
269	0.00907522	
270	0.00902754	
271	0.00907904	
272	0.00922781	
273	0.00950629	
274	0.00986296	
275	0.0102883	
276	0.0107556	
277	0.0112496	
278	0.0117646	
279	0.0122872	
280	0.0128193	
281	0.0133401	
282	0.0138398	
283	0.0143376	
284	0.0148106	
285	0.0152684	
286	0.0157014	
287	0.0161153	
288	0.0165139	
289	0.0168878	
290	0.0172426	
291	0.0175802	
292	0.017893	
293	0.0181943	
294	0.0184804	
295	0.0187513	
296	0.0190068	
297	0.0192453	
298	0.0194741	
299	0.0196992	
300	0.019909	
301	0.0201112	
302	0.0203325	
303	0.0205537	
304	0.0207635	
305	0.02096	
306	0.0211393	
307	0.0213109	
308	0.0214769	
309	0.0216218	
310	0.021763	
311	0.0218946	
312	0.0220109	
313	0.0221177	
314	0.0222169	
315	0.0223027	
316	0.0223867	
317	0.0224611	
318	0.0225259	
319	0.0225774	
320	0.0226232	
321	0.0226671	
322	0.0226995	
323	0.0227243	
324	0.0227453	
325	0.0227567	
326	0.0227891	
327	0.022833	
328	0.022875	
329	0.0229112	
330	0.0229474	
331	0.0229837	
332	0.0230123	
333	0.0230352	
334	0.02306	
335	0.0230848	
336	0.0231057	
337	0.0231248	
338	0.023142	
339	0.0231591	
340	0.0231763	
341	0.0231878	
342	0.0231992	
343	0.0232106	
344	0.0232202	
345	0.023224	
346	0.0232316	
347	0.0232373	
348	0.0232431	
349	0.0232507	
350	0.0232602	
351	0.0232621	
352	0.0232564	
353	0.0232621	
354	0.0232641	
355	0.0232679	
356	0.0232679	
357	0.0232736	
358	0.0232774	
359	0.0232927	
360	0.023327	