0	0.0234491	
1	0.0234739	
2	0.0234967	
3	0.0235234	
4	0.0235578	
5	0.0235921	
6	0.0236474	
7	0.0237104	
8	0.0237676	
9	0.0238172	
10	0.0238649	
11	0.0239106	
12	0.0239621	
13	0.0240289	
14	0.0240747	
15	0.0241643	
16	0.0242254	
17	0.0242883	
18	0.0243665	
19	0.0244485	
20	0.0245305	
21	0.0246106	
22	0.0246736	
23	0.0247403	
24	0.0247957	
25	0.0248567	
26	0.0249158	
27	0.0249463	
28	0.0250093	
29	0.0250264	
30	0.0250474	
31	0.0250875	
32	0.0251161	
33	0.0251142	
34	0.0251142	
35	0.0251123	
36	0.025097	
37	0.0250798	
38	0.0250493	
39	0.025015	
40	0.0249578	
41	0.0249063	
42	0.0248662	
43	0.0247918	
44	0.0247136	
45	0.0246202	
46	0.0245382	
47	0.0244218	
48	0.0243131	
49	0.0241891	
50	0.0240422	
51	0.0238858	
52	0.0237275	
53	0.0235273	
54	0.0233499	
55	0.0231458	
56	0.0229379	
57	0.0227033	
58	0.0224744	
59	0.022236	
60	0.0219804	
61	0.0217305	
62	0.0214597	
63	0.0211755	
64	0.0208799	
65	0.0205766	
66	0.0202733	
67	0.019951	
68	0.0196134	
69	0.0192491	
70	0.0188771	
71	0.0184861	
72	0.0180761	
73	0.0176507	
74	0.0172311	
75	0.0168153	
76	0.0163652	
77	0.0159112	
78	0.0154648	
79	0.0150166	
80	0.0145741	
81	0.0141316	
82	0.0137044	
83	0.0132828	
84	0.0128918	
85	0.0125256	
86	0.0122109	
87	0.0119095	
88	0.0116578	
89	0.011448	
90	0.0112839	
91	0.0111809	
92	0.0111294	
93	0.0111294	
94	0.0111962	
95	0.0113106	
96	0.0114747	
97	0.0116749	
98	0.0119362	
99	0.0122433	
100	0.0125771	
101	0.01293	
102	0.0133095	
103	0.0136948	
104	0.0141011	
105	0.014536	
106	0.0149518	
107	0.0153771	
108	0.0158159	
109	0.0162259	
110	0.0166341	
111	0.0170499	
112	0.0174352	
113	0.0178186	
114	0.0181943	
115	0.0185624	
116	0.0189115	
117	0.0192586	
118	0.0195867	
119	0.0199491	
120	0.0202829	
121	0.0205747	
122	0.0208856	
123	0.0211602	
124	0.0214311	
125	0.0216924	
126	0.0219232	
127	0.0221463	
128	0.0223695	
129	0.0225679	
130	0.0227662	
131	0.0229512	
132	0.0231019	
133	0.0232755	
134	0.0234166	
135	0.0235635	
136	0.0236856	
137	0.0237905	
138	0.0238839	
139	0.0239793	
140	0.0240461	
141	0.0241243	
142	0.024191	
143	0.0242425	
144	0.0242769	
145	0.0242902	
146	0.024315	
147	0.0243036	
148	0.0243398	
149	0.0243436	
150	0.0243341	
151	0.024336	
152	0.024294	
153	0.0242902	
154	0.024273	
155	0.0242635	
156	0.0242234	
157	0.0242025	
158	0.0241739	
159	0.0241529	
160	0.0241071	
161	0.0240918	
162	0.024069	
163	0.0240422	
164	0.0240117	
165	0.0239965	
166	0.0239755	
167	0.0239621	
168	0.0239469	
169	0.0239278	
170	0.0239221	
171	0.0239106	
172	0.023924	
173	0.0239335	
174	0.0239335	
175	0.0239373	
176	0.0239526	
177	0.0239698	
178	0.0239736	
179	0.0239927	
180	0.0240022	
181	0.0240194	
182	0.0240442	
183	0.0240823	
184	0.0241185	
185	0.0241491	
186	0.0241891	
187	0.0242368	
188	0.0242807	
189	0.0243207	
190	0.0243646	
191	0.0244256	
192	0.0244714	
193	0.0245553	
194	0.0246011	
195	0.0246526	
196	0.0247213	
197	0.024767	
198	0.0248433	
199	0.0248986	
200	0.024954	
201	0.0250131	
202	0.025057	
203	0.0251161	
204	0.0251561	
205	0.0252038	
206	0.0252324	
207	0.0252839	
208	0.0253125	
209	0.0253774	
210	0.0253602	
211	0.0253793	
212	0.0254403	
213	0.0254422	
214	0.0254689	
215	0.0254575	
216	0.0254613	
217	0.0254213	
218	0.0253793	
219	0.0253583	
220	0.025324	
221	0.0252668	
222	0.0252305	
223	0.0251657	
224	0.0250703	
225	0.0249807	
226	0.0248967	
227	0.0247728	
228	0.0246564	
229	0.0245343	
230	0.0244046	
231	0.0242692	
232	0.02413	
233	0.0239621	
234	0.0237924	
235	0.0236284	
236	0.0234452	
237	0.0232393	
238	0.0230218	
239	0.0227891	
240	0.0225545	
241	0.0223123	
242	0.0220453	
243	0.0217782	
244	0.0214769	
245	0.021166	
246	0.0208722	
247	0.0205461	
248	0.0201951	
249	0.0198423	
250	0.0194875	
251	0.019106	
252	0.018715	
253	0.0183145	
254	0.0178777	
255	0.017481	
256	0.017048	
257	0.0166017	
258	0.0161878	
259	0.0157434	
260	0.0153008	
261	0.0148793	
262	0.014473	
263	0.0140801	
264	0.013691	
265	0.013361	
266	0.0130044	
267	0.0127411	
268	0.0124512	
269	0.0122395	
270	0.0120888	
271	0.0119649	
272	0.0119076	
273	0.0119248	
274	0.0119897	
275	0.0121136	
276	0.0125809	
277	0.0126877	
278	0.0129395	
279	0.0130711	
280	0.0133267	
281	0.0136262	
282	0.0141392	
283	0.0144845	
284	0.0147229	
285	0.0151177	
286	0.015545	
287	0.0159742	
288	0.0164014	
289	0.0167981	
290	0.0172025	
291	0.017624	
292	0.0180036	
293	0.0183984	
294	0.0187665	
295	0.0191442	
296	0.0195028	
297	0.0198652	
298	0.0201875	
299	0.0205251	
300	0.0208856	
301	0.0211831	
302	0.0214559	
303	0.0217115	
304	0.0219175	
305	0.0221425	
306	0.0223695	
307	0.0225908	
308	0.0228101	
309	0.0229989	
310	0.0232297	
311	0.0234491	
312	0.0236303	
313	0.0237867	
314	0.0239278	
315	0.0240384	
316	0.02417	
317	0.0242769	
318	0.0243837	
319	0.0244657	
320	0.0245591	
321	0.0246221	
322	0.0246888	
323	0.0247289	
324	0.0248243	
325	0.0248586	
326	0.0248739	
327	0.0248986	
328	0.0249025	
329	0.0248891	
330	0.0249044	
331	0.0248948	
332	0.0248586	
333	0.0248262	
334	0.0247976	
335	0.0247594	
336	0.0247232	
337	0.0246602	
338	0.0246335	
339	0.0245725	
340	0.0245076	
341	0.0244523	
342	0.0244008	
343	0.0243398	
344	0.0242807	
345	0.0242406	
346	0.0241719	
347	0.0241338	
348	0.0240861	
349	0.0240346	
350	0.0239965	
351	0.0239278	
352	0.023903	
353	0.0238687	
354	0.0238363	
355	0.0238324	
356	0.0238191	
357	0.023821	
358	0.0238191	
359	0.0238439	
360	0.0238725	