0	0.0264207	
1	0.0264169	
2	0.0264322	
3	0.0264417	
4	0.0264589	
5	0.0263921	
6	0.0264055	
7	0.0264341	
8	0.0264741	
9	0.026518	
10	0.0265561	
11	0.0266	
12	0.0266362	
13	0.026682	
14	0.0267278	
15	0.0267907	
16	0.0268441	
17	0.0268747	
18	0.0269014	
19	0.0269262	
20	0.026949	
21	0.0270005	
22	0.0270196	
23	0.0271817	
24	0.0271569	
25	0.0271589	
26	0.0272046	
27	0.0272065	
28	0.0271913	
29	0.0271951	
30	0.027155	
31	0.0270959	
32	0.0270807	
33	0.0270292	
34	0.0269586	
35	0.0269128	
36	0.0268689	
37	0.0267984	
38	0.0267297	
39	0.026661	
40	0.0265657	
41	0.0264741	
42	0.0263635	
43	0.0262548	
44	0.0261289	
45	0.026003	
46	0.0258676	
47	0.0257226	
48	0.0255624	
49	0.0254041	
50	0.0252324	
51	0.0251218	
52	0.0248777	
53	0.0247079	
54	0.0244981	
55	0.0242406	
56	0.0240175	
57	0.0237771	
58	0.0235101	
59	0.0232507	
60	0.0229417	
61	0.0226346	
62	0.0223352	
63	0.0220662	
64	0.0217344	
65	0.0213739	
66	0.0210439	
67	0.0206414	
68	0.0202657	
69	0.0198232	
70	0.0194436	
71	0.0190068	
72	0.0185605	
73	0.0181066	
74	0.0176469	
75	0.0171148	
76	0.0166284	
77	0.0161611	
78	0.0156881	
79	0.0152493	
80	0.0147515	
81	0.0143338	
82	0.0139123	
83	0.0134926	
84	0.013157	
85	0.0127583	
86	0.0124646	
87	0.0122147	
88	0.0120125	
89	0.0118638	
90	0.011776	
91	0.0117417	
92	0.0117894	
93	0.0118905	
94	0.0120621	
95	0.0122796	
96	0.0125561	
97	0.0128747	
98	0.0132409	
99	0.0136223	
100	0.0140515	
101	0.0144425	
102	0.0149155	
103	0.0153657	
104	0.0158311	
105	0.0163003	
106	0.01676	
107	0.0172254	
108	0.0176812	
109	0.0181218	
110	0.0185605	
111	0.0189744	
112	0.019394	
113	0.0197965	
114	0.020197	
115	0.0205671	
116	0.0209085	
117	0.0212442	
118	0.0216066	
119	0.0219613	
120	0.0221502	
121	0.0224553	
122	0.0227357	
123	0.0230142	
124	0.0232641	
125	0.0235139	
126	0.0237466	
127	0.023964	
128	0.0241624	
129	0.0243665	
130	0.0245496	
131	0.0247232	
132	0.0249254	
133	0.0250779	
134	0.0251867	
135	0.0253145	
136	0.0254403	
137	0.0255491	
138	0.0256521	
139	0.0257474	
140	0.0258371	
141	0.0259191	
142	0.0259839	
143	0.026045	
144	0.0261232	
145	0.0260812	
146	0.0262109	
147	0.0262471	
148	0.0262777	
149	0.0263101	
150	0.0263406	
151	0.0263501	
152	0.0263807	
153	0.0263635	
154	0.0263463	
155	0.0263253	
156	0.0263101	
157	0.0263139	
158	0.0263196	
159	0.026312	
160	0.0263005	
161	0.0263025	
162	0.0262796	
163	0.0262758	
164	0.0262491	
165	0.0262433	
166	0.0262319	
167	0.0262338	
168	0.0262243	
169	0.0262147	
170	0.0262147	
171	0.02623	
172	0.0262357	
173	0.0262662	
174	0.0262796	
175	0.026312	
176	0.0263234	
177	0.0263425	
178	0.0263673	
179	0.0263997	
180	0.0264302	
181	0.0264856	
182	0.0265046	
183	0.0265332	
184	0.0265733	
185	0.0266343	
186	0.0266801	
187	0.0267316	
188	0.0267774	
189	0.0268251	
190	0.0268728	
191	0.0269376	
192	0.0269929	
193	0.0270444	
194	0.0271074	
195	0.0271569	
196	0.0271989	
197	0.027239	
198	0.027279	
199	0.0273248	
200	0.0273668	
201	0.0273954	
202	0.0274431	
203	0.0274793	
204	0.0275155	
205	0.0275518	
206	0.027548	
207	0.0275518	
208	0.027546	
209	0.0275422	
210	0.0274984	
211	0.0274602	
212	0.0274392	
213	0.0274144	
214	0.0274144	
215	0.0273458	
216	0.0272924	
217	0.0272294	
218	0.0271589	
219	0.0270883	
220	0.0270005	
221	0.0269052	
222	0.0268155	
223	0.0266801	
224	0.0265542	
225	0.0264207	
226	0.0262758	
227	0.0261194	
228	0.0259572	
229	0.0257856	
230	0.0255986	
231	0.0254022	
232	0.0251924	
233	0.0249692	
234	0.0247365	
235	0.0244848	
236	0.0242254	
237	0.0239507	
238	0.0236627	
239	0.023367	
240	0.0230523	
241	0.0227224	
242	0.0223848	
243	0.0220319	
244	0.0216619	
245	0.0212823	
246	0.0208875	
247	0.0204812	
248	0.0200578	
249	0.019621	
250	0.0191709	
251	0.0187093	
252	0.0182382	
253	0.0177461	
254	0.0172426	
255	0.016739	
256	0.0162374	
257	0.0157243	
258	0.0151959	
259	0.0147	
260	0.0142117	
261	0.0137368	
262	0.0132714	
263	0.0129147	
264	0.0125886	
265	0.0122529	
266	0.0119668	
267	0.0117283	
268	0.0115491	
269	0.0114365	
270	0.0113946	
271	0.0114213	
272	0.0115204	
273	0.0116883	
274	0.0119935	
275	0.0121861	
276	0.0125161	
277	0.0129128	
278	0.0133172	
279	0.013754	
280	0.0142079	
281	0.0146676	
282	0.0151444	
283	0.0156251	
284	0.0161077	
285	0.0165883	
286	0.0170614	
287	0.0175687	
288	0.0180703	
289	0.0184976	
290	0.0189115	
291	0.0193158	
292	0.019724	
293	0.0201265	
294	0.0205117	
295	0.0208684	
296	0.0212194	
297	0.0215551	
298	0.0218908	
299	0.0222112	
300	0.0225049	
301	0.0227624	
302	0.0230161	
303	0.0232755	
304	0.0235234	
305	0.0237581	
306	0.023985	
307	0.0241987	
308	0.0244027	
309	0.0245897	
310	0.0247651	
311	0.0249425	
312	0.0250894	
313	0.0252401	
314	0.0253774	
315	0.025509	
316	0.0256349	
317	0.025694	
318	0.025694	
319	0.0257856	
320	0.025879	
321	0.0259839	
322	0.0260545	
323	0.0261155	
324	0.0261747	
325	0.0262262	
326	0.0262719	
327	0.0263139	
328	0.0263501	
329	0.0263826	
330	0.0264131	
331	0.0264341	
332	0.0264589	
333	0.0264894	
334	0.026497	
335	0.0265123	
336	0.0265218	
337	0.0265256	
338	0.0265332	
339	0.0265332	
340	0.0265352	
341	0.0265332	
342	0.0265447	
343	0.026539	
344	0.0265485	
345	0.0265218	
346	0.0265104	
347	0.0264989	
348	0.0264913	
349	0.0265046	
350	0.026518	
351	0.0265085	
352	0.026497	
353	0.0264989	
354	0.0265027	
355	0.0265123	
356	0.0265294	
357	0.0265485	
358	0.0265676	
359	0.0265905	
360	0.0266172	