0	0.0224897	
1	0.0224954	
2	0.0224916	
3	0.0224897	
4	0.0224897	
5	0.0224935	
6	0.0224897	
7	0.0224859	
8	0.0224859	
9	0.0224897	
10	0.0224897	
11	0.0224897	
12	0.0224878	
13	0.0224897	
14	0.0224897	
15	0.0224878	
16	0.0224897	
17	0.0224859	
18	0.0224744	
19	0.0224725	
20	0.0224591	
21	0.0224496	
22	0.0224363	
23	0.0224286	
24	0.0224096	
25	0.0223943	
26	0.0223733	
27	0.0223523	
28	0.0223142	
29	0.0222837	
30	0.0222589	
31	0.0222245	
32	0.0221864	
33	0.0221444	
34	0.0221025	
35	0.0220548	
36	0.0220033	
37	0.021948	
38	0.0218869	
39	0.0218202	
40	0.0217458	
41	0.021679	
42	0.0216047	
43	0.0215207	
44	0.0214387	
45	0.021351	
46	0.0212575	
47	0.0211526	
48	0.0210401	
49	0.0209256	
50	0.0208017	
51	0.0206758	
52	0.0205423	
53	0.0203992	
54	0.0202523	
55	0.0200959	
56	0.0199376	
57	0.019766	
58	0.0195924	
59	0.0194036	
60	0.0192014	
61	0.0189916	
62	0.0187722	
63	0.0185376	
64	0.0182897	
65	0.0180322	
66	0.0177556	
67	0.0174543	
68	0.0171376	
69	0.016802	
70	0.0164434	
71	0.0160638	
72	0.015669	
73	0.0152493	
74	0.0147954	
75	0.01433	
76	0.0138322	
77	0.0133076	
78	0.0127659	
79	0.0121918	
80	0.0116006	
81	0.0109902	
82	0.010376	
83	0.00975615	
84	0.00915343	
85	0.00858504	
86	0.00806051	
87	0.00760463	
88	0.00724795	
89	0.00700763	
90	0.0068951	
91	0.00691798	
92	0.00707629	
93	0.00736621	
94	0.00775531	
95	0.00823599	
96	0.00878721	
97	0.00937659	
98	0.00999266	
99	0.010624	
100	0.0112515	
101	0.0118676	
102	0.0124646	
103	0.0130463	
104	0.0136014	
105	0.0141316	
106	0.0146294	
107	0.0150948	
108	0.0155354	
109	0.0159551	
110	0.0163499	
111	0.0167276	
112	0.0170976	
113	0.0174848	
114	0.01779	
115	0.0180837	
116	0.0183603	
117	0.0186139	
118	0.0188562	
119	0.0190889	
120	0.0193063	
121	0.0195123	
122	0.0197049	
123	0.01989	
124	0.0200692	
125	0.0202295	
126	0.0204145	
127	0.0205594	
128	0.0206968	
129	0.0208246	
130	0.0209428	
131	0.0210553	
132	0.021166	
133	0.0212709	
134	0.0213739	
135	0.0214692	
136	0.0215627	
137	0.0216523	
138	0.0217401	
139	0.0218202	
140	0.0219041	
141	0.0219709	
142	0.0220414	
143	0.0221044	
144	0.0221692	
145	0.0222245	
146	0.0222741	
147	0.0223218	
148	0.0223676	
149	0.0224096	
150	0.0224515	
151	0.0224878	
152	0.0225297	
153	0.0225621	
154	0.0225908	
155	0.0226156	
156	0.0226308	
157	0.0226613	
158	0.0226747	
159	0.0226957	
160	0.022709	
161	0.0227262	
162	0.0227357	
163	0.0227453	
164	0.022751	
165	0.0227567	
166	0.0227624	
167	0.0227681	
168	0.0227758	
169	0.0227834	
170	0.0227891	
171	0.0227929	
172	0.0227968	
173	0.0228025	
174	0.0228082	
175	0.022812	
176	0.0228158	
177	0.0228196	
178	0.0228196	
179	0.0228235	
180	0.0228292	
181	0.022833	
182	0.0228368	
183	0.0228387	
184	0.0228425	
185	0.0228406	
186	0.0228387	
187	0.0228368	
188	0.0228349	
189	0.0228292	
190	0.0228254	
191	0.0228177	
192	0.022812	
193	0.0227987	
194	0.0227815	
195	0.0227662	
196	0.0227586	
197	0.0227491	
198	0.0227395	
199	0.0227262	
200	0.0227185	
201	0.0227052	
202	0.0226899	
203	0.0226766	
204	0.0226594	
205	0.022648	
206	0.0226327	
207	0.0226213	
208	0.0226003	
209	0.0225755	
210	0.0225412	
211	0.0225106	
212	0.0224782	
213	0.0224401	
214	0.0224019	
215	0.0223581	
216	0.0223085	
217	0.0222532	
218	0.0221959	
219	0.0221311	
220	0.0220624	
221	0.0219957	
222	0.0219175	
223	0.0218354	
224	0.0217458	
225	0.0216562	
226	0.0215608	
227	0.0214502	
228	0.0213453	
229	0.0212308	
230	0.0211126	
231	0.0209867	
232	0.0208532	
233	0.0207158	
234	0.0205709	
235	0.0204164	
236	0.0202523	
237	0.0200807	
238	0.0198995	
239	0.0197107	
240	0.0195085	
241	0.0192968	
242	0.0190793	
243	0.0188466	
244	0.018593	
245	0.0183297	
246	0.0180475	
247	0.0177518	
248	0.0174409	
249	0.0171129	
250	0.0167676	
251	0.0164052	
252	0.0160218	
253	0.0156193	
254	0.0151883	
255	0.0147362	
256	0.0142689	
257	0.0137768	
258	0.0132561	
259	0.0127297	
260	0.0121861	
261	0.0116444	
262	0.0111027	
263	0.010563	
264	0.0100423	
265	0.00955778	
266	0.00912482	
267	0.00876242	
268	0.00848585	
269	0.00830847	
270	0.0082379	
271	0.00827986	
272	0.00842673	
273	0.0086804	
274	0.00901419	
275	0.00942427	
276	0.00988966	
277	0.0103875	
278	0.0109082	
279	0.0114518	
280	0.0119973	
281	0.0125332	
282	0.0130635	
283	0.0135747	
284	0.0139142	
285	0.0144482	
286	0.0149174	
287	0.0153027	
288	0.015709	
289	0.0160962	
290	0.0164624	
291	0.0168058	
292	0.0171224	
293	0.017439	
294	0.0177251	
295	0.017996	
296	0.0182534	
297	0.0184976	
298	0.0187227	
299	0.0189458	
300	0.0191613	
301	0.0193769	
302	0.0195829	
303	0.0197355	
304	0.0199033	
305	0.0200692	
306	0.0202161	
307	0.0203706	
308	0.0205156	
309	0.020651	
310	0.0207807	
311	0.0209066	
312	0.0210248	
313	0.0211335	
314	0.0212384	
315	0.0213395	
316	0.0214292	
317	0.0215207	
318	0.0216047	
319	0.0216848	
320	0.021763	
321	0.0218354	
322	0.0218965	
323	0.0219556	
324	0.0220033	
325	0.0220548	
326	0.0221044	
327	0.022154	
328	0.0221978	
329	0.0222398	
330	0.022278	
331	0.0223047	
332	0.0223352	
333	0.0223638	
334	0.0223962	
335	0.022421	
336	0.022442	
337	0.022463	
338	0.0224859	
339	0.0225049	
340	0.0225259	
341	0.022545	
342	0.0225641	
343	0.0225793	
344	0.0225927	
345	0.022606	
346	0.0226117	
347	0.0226232	
348	0.0226308	
349	0.0226346	
350	0.0226442	
351	0.0226499	
352	0.0226575	
353	0.0226632	
354	0.022669	
355	0.0226709	
356	0.0226671	
357	0.0226651	
358	0.0226632	
359	0.0226594	
360	0.0226575	