0	0.0253659	
1	0.025345	
2	0.0254098	
3	0.0254709	
4	0.0256482	
5	0.0258638	
6	0.0260831	
7	0.0261785	
8	0.0263387	
9	0.0264074	
10	0.0265771	
11	0.0265352	
12	0.0265905	
13	0.026579	
14	0.0265046	
15	0.0264608	
16	0.0265352	
17	0.0266458	
18	0.0268232	
19	0.0269414	
20	0.027052	
21	0.0271589	
22	0.0272352	
23	0.0285188	
24	0.0274717	
25	0.0275708	
26	0.0276757	
27	0.0277673	
28	0.0278531	
29	0.027939	
30	0.0279466	
31	0.0280782	
32	0.0282823	
33	0.0284215	
34	0.0285703	
35	0.0286676	
36	0.0287572	
37	0.028782	
38	0.0288068	
39	0.028803	
40	0.0287534	
41	0.0286809	
42	0.0285188	
43	0.0283338	
44	0.0281736	
45	0.0279695	
46	0.0278455	
47	0.0277635	
48	0.0276777	
49	0.0276014	
50	0.0276185	
51	0.0275041	
52	0.0274755	
53	0.0273286	
54	0.0271627	
55	0.0270082	
56	0.0268346	
57	0.0266191	
58	0.0262643	
59	0.0261174	
60	0.0259134	
61	0.0257055	
62	0.0254728	
63	0.0252191	
64	0.0249807	
65	0.0248414	
66	0.0246907	
67	0.0244676	
68	0.0243398	
69	0.0241624	
70	0.0238782	
71	0.0235902	
72	0.0232831	
73	0.0229551	
74	0.0226175	
75	0.0222608	
76	0.0219117	
77	0.0215741	
78	0.0212175	
79	0.0208341	
80	0.0205003	
81	0.0202371	
82	0.0201722	
83	0.0200616	
84	0.0199205	
85	0.0197526	
86	0.0194608	
87	0.0193883	
88	0.0193197	
89	0.0192758	
90	0.019394	
91	0.0193807	
92	0.0193273	
93	0.0193959	
94	0.0195009	
95	0.0196325	
96	0.019785	
97	0.0200292	
98	0.0201589	
99	0.0203801	
100	0.0207044	
101	0.0208246	
102	0.0212022	
103	0.0215932	
104	0.0219404	
105	0.0222913	
106	0.0226461	
107	0.0229951	
108	0.0233308	
109	0.0236341	
110	0.0239278	
111	0.0242006	
112	0.024439	
113	0.0246812	
114	0.0248967	
115	0.0250531	
116	0.025139	
117	0.0253755	
118	0.0253907	
119	0.0255185	
120	0.0256673	
121	0.0258695	
122	0.0260659	
123	0.0262376	
124	0.0263902	
125	0.0265371	
126	0.026682	
127	0.0268251	
128	0.0269624	
129	0.0270807	
130	0.0272027	
131	0.0273019	
132	0.0273877	
133	0.0274583	
134	0.0274812	
135	0.0275499	
136	0.0276071	
137	0.0276395	
138	0.0276681	
139	0.0276948	
140	0.0276719	
141	0.0277978	
142	0.0278074	
143	0.0278302	
144	0.0278188	
145	0.0277768	
146	0.0278283	
147	0.0278531	
148	0.0279065	
149	0.0278817	
150	0.0278875	
151	0.0278417	
152	0.0277921	
153	0.0277272	
154	0.027609	
155	0.0274888	
156	0.0273954	
157	0.0272771	
158	0.0271169	
159	0.0269548	
160	0.0267755	
161	0.026579	
162	0.026354	
163	0.0261289	
164	0.0259534	
165	0.0257303	
166	0.025551	
167	0.0253621	
168	0.0252687	
169	0.0252267	
170	0.0251218	
171	0.0250207	
172	0.0249768	
173	0.0249482	
174	0.0248853	
175	0.0247957	
176	0.0246774	
177	0.0246965	
178	0.0246488	
179	0.024664	
180	0.0246698	
181	0.0246564	
182	0.0246717	
183	0.0246717	
184	0.0248357	
185	0.0248185	
186	0.0250283	
187	0.0251294	
188	0.0252229	
189	0.0253068	
190	0.0253793	
191	0.0255128	
192	0.0256311	
193	0.0258065	
194	0.0259649	
195	0.0261117	
196	0.0263082	
197	0.0265352	
198	0.026764	
199	0.0269777	
200	0.0272352	
201	0.027342	
202	0.0275174	
203	0.0276643	
204	0.0278722	
205	0.0279447	
206	0.0280706	
207	0.0282041	
208	0.0283662	
209	0.0284425	
210	0.0284711	
211	0.0285455		
213	0.0287	
214	0.0285817	
215	0.0285589	
216	0.0285798	
217	0.0284883	
218	0.0285207	
219	0.028473	
220	0.0283891	
221	0.0283681	
222	0.0282727	
223	0.0281583	
224	0.0281183	
225	0.0280305	
226	0.0278512	
227	0.0280362	
228	0.0278817	
229	0.0277177	
230	0.0274411	
231	0.0273019	
232	0.0271417	
233	0.0269872	
234	0.0267926	
235	0.026621	
236	0.0264264	
237	0.0262452	
238	0.0260335	
239	0.0258809	
240	0.025633	
241	0.0253679	
242	0.0250837	
243	0.0248319	
244	0.0245839	
245	0.0248548	
246	0.0242215	
247	0.0239011	
248	0.0236074	
249	0.0232812	
250	0.0229799	
251	0.0226747	
252	0.0223447	
253	0.0220319	
254	0.0216924	
255	0.0212842	
256	0.0210992	
257	0.0207158	
258	0.0204431	
259	0.0201894	
260	0.0199529	
261	0.0196801	
262	0.0194741	
263	0.0192376	
264	0.0190984	
265	0.0190393	
266	0.0189725	
267	0.0188714	
268	0.0188962	
269	0.0189306	
270	0.0189439	
271	0.0189458	
272	0.0191385	
273	0.0191976	
274	0.0193406	
275	0.0197374	
276	0.01993	
277	0.0201036	
278	0.0203229	
279	0.0206262	
280	0.0208379	
281	0.0210668	
282	0.0213681	
283	0.0216314	
284	0.0219098	
285	0.0222303	
286	0.0224859	
287	0.0228292	
288	0.0230943	
289	0.0233613	
290	0.0236074	
291	0.0238229	
292	0.0240079	
293	0.0243875	
294	0.0246564	
295	0.0248433	
296	0.0248681	
297	0.0250303	
298	0.0252134	
299	0.0254117	
300	0.0256139	
301	0.025757	
302	0.0259477	
303	0.0261251	
304	0.0262872	
305	0.0264589	
306	0.0266191	
307	0.0267278	
308	0.0268022	
309	0.0269223	
310	0.0270139	
311	0.0271074	
312	0.0272084	
313	0.0272847	
314	0.0273839	
315	0.0274183	
316	0.0274774	
317	0.0275289	
318	0.0275937	
319	0.0276166	
320	0.027609	
321	0.027609	
322	0.027609	
323	0.0275995	
324	0.0275899	
325	0.0275937	
326	0.027548	
327	0.0275136	
328	0.0274907	
329	0.0274431	
330	0.0273839	
331	0.0273076	
332	0.0272561	
333	0.0271932	
334	0.0271322	
335	0.0270272	
336	0.0269357	
337	0.0268289	
338	0.0267106	
339	0.0266019	
340	0.0266153	
341	0.0264875	
342	0.026436	
343	0.0263559	
344	0.0262491	
345	0.0261041	
346	0.0260469	
347	0.0260011	
348	0.0259591	
349	0.0258981	
350	0.0258905	
351	0.0258504	
352	0.025839	
353	0.0257722	
354	0.0257341	
355	0.0257093	
356	0.0257627	
357	0.025736	
358	0.0257226	
359	0.0257074	
360	0.0256997	