0	0.019415	
1	0.0194227	
2	0.019539	
3	0.0196668	
4	0.0198442	
5	0.0199643	
6	0.0200864	
7	0.0202142	
8	0.0203325	
9	0.0204488	
10	0.0205613	
11	0.0206987	
12	0.0208341	
13	0.0209619	
14	0.021103	
15	0.0212175	
16	0.0213624	
17	0.021515	
18	0.0216504	
19	0.0217592	
20	0.0219003	
21	0.0220052	
22	0.0221158	
23	0.0222055	
24	0.0223199	
25	0.0224191	
26	0.0225145	
27	0.0226289	
28	0.0227224	
29	0.0228235	
30	0.0229245	
31	0.0230275	
32	0.0231115	
33	0.0231935	
34	0.0232831	
35	0.0233823	
36	0.0234548	
37	0.0235311	
38	0.0235845	
39	0.0236112	
40	0.0236264	
41	0.0236207	
42	0.0236093	
43	0.0235807	
44	0.0235025	
45	0.0234472	
46	0.0233556	
47	0.0232564	
48	0.0231439	
49	0.0230027	
50	0.0228654	
51	0.0226976	
52	0.0225793	
53	0.0224057	
54	0.0222589	
55	0.0220815	
56	0.0219327	
57	0.0217592	
58	0.0215493	
59	0.0213701	
60	0.0211545	
61	0.0209638	
62	0.020754	
63	0.0205041	
64	0.0202848	
65	0.0200464	
66	0.0197603	
67	0.0194913	
68	0.0192109	
69	0.0189248	
70	0.0186254	
71	0.0183297	
72	0.0180322	
73	0.0177099	
74	0.0174104	
75	0.0170919	
76	0.0167924	
77	0.0165025	
78	0.0162126	
79	0.0159665	
80	0.0157109	
81	0.0154496	
82	0.0152417	
83	0.0150471	
84	0.0148831	
85	0.0147343	
86	0.0146447	
87	0.0145779	
88	0.0145455	
89	0.0145398	
90	0.014576	
91	0.0146657	
92	0.0147973	
93	0.0149212	
94	0.0151063	
95	0.0153256	
96	0.0155659	
97	0.0158292	
98	0.0161191	
99	0.0164243	
100	0.0167295	
101	0.0170366	
102	0.0173475	
103	0.0176717	
104	0.0180017	
105	0.0183259	
106	0.0186597	
107	0.0189649	
108	0.0192796	
109	0.0196496	
110	0.0199891	
111	0.0203191	
112	0.020672	
113	0.0210363	
114	0.0213529	
115	0.0216905	
116	0.0220128	
117	0.0223199	
118	0.0225984	
119	0.022833	
120	0.0230981	
121	0.0233289	
122	0.023533	
123	0.0237218	
124	0.0239106	
125	0.0240957	
126	0.0242692	
127	0.0244199	
128	0.024561	
129	0.0246869	
130	0.0247823	
131	0.0249158	
132	0.0250093	
133	0.0250913	
134	0.0251676	
135	0.0252172	
136	0.0252916	
137	0.0253412	
138	0.0253507	
139	0.0253812	
140	0.0253869	
141	0.0253927	
142	0.0253907	
143	0.0253621	
144	0.025324	
145	0.0253068	
146	0.025263	
147	0.0251962	
148	0.0251046	
149	0.0250341	
150	0.0249578	
151	0.0248872	
152	0.0248224	
153	0.0247728	
154	0.0247117	
155	0.0246488	
156	0.0245858	
157	0.0245706	
158	0.0244657	
159	0.0243875	
160	0.0243074	
161	0.0242196	
162	0.0241147	
163	0.0240308	
164	0.0239297	
165	0.0238515	
166	0.0237256	
167	0.0236646	
168	0.023594	
169	0.0235101	
170	0.0234281	
171	0.0233423	
172	0.0233003	
173	0.0232412	
174	0.0231973	
175	0.0231725	
176	0.0231496	
177	0.0231668	
178	0.0231858	
179	0.0232087	
180	0.0232373	
181	0.0232755	
182	0.0233136	
183	0.0233423	
184	0.0233995	
185	0.0234491	
186	0.0234987	
187	0.0235463	
188	0.0236169	
189	0.0236741	
190	0.0237542	
191	0.0238305	
192	0.0239049	
193	0.0239888	
194	0.0240651	
195	0.0241529	
196	0.0242387	
197	0.0243169	
198	0.0244066	
199	0.0244848	
200	0.0245572	
201	0.0246259	
202	0.0246907	
203	0.0247422	
204	0.0247976	
205	0.0248491	
206	0.02487	
207	0.0249196	
208	0.0249673	
209	0.0249749	
210	0.0250207	
211	0.0250341	
212	0.0250264	
213	0.025036	
214	0.0250341	
215	0.0250322	
216	0.0250093	
217	0.0249692	
218	0.0249025	
219	0.0248719	
220	0.0248147	
221	0.0247442	
222	0.0246583	
223	0.0245649	
224	0.0244561	
225	0.0243226	
226	0.0242349	
227	0.024109	
228	0.0239793	
229	0.023821	
230	0.0236493	
231	0.0234891	
232	0.0233079	
233	0.0231401	
234	0.0229341	
235	0.0227643	
236	0.0225888	
237	0.0223867	
238	0.0221654	
239	0.0219365	
240	0.0217115	
241	0.0214673	
242	0.0211927	
243	0.0209104	
244	0.0206319	
245	0.0203286	
246	0.0200101	
247	0.0196763	
248	0.0193292	
249	0.0189878	
250	0.0186368	
251	0.0182725	
252	0.0178872	
253	0.0175363	
254	0.0171834	
255	0.0168477	
256	0.0165025	
257	0.0161744	
258	0.0158635	
259	0.0156003	
260	0.0153065	
261	0.0150357	
262	0.0147877	
263	0.0145646	
264	0.0143471	
265	0.0141545	
266	0.0139847	
267	0.0138837	
268	0.0137597	
269	0.013712	
270	0.0137044	
271	0.0137311	
272	0.0138245	
273	0.0138989	
274	0.0140458	
275	0.0142346	
276	0.0144311	
277	0.0146161	
278	0.0149022	
279	0.0151406	
280	0.0153676	
281	0.0156499	
282	0.0159646	
283	0.0162641	
284	0.0165769	
285	0.0168382	
286	0.0171472	
287	0.0174485	
288	0.0177499	
289	0.0180398	
290	0.0183564	
291	0.018612	
292	0.0188466	
293	0.0191251	
294	0.0193979	
295	0.019581	
296	0.0197927	
297	0.0200254	
298	0.0202314	
299	0.0204755	
300	0.0206758	
301	0.0209123	
302	0.0210954	
303	0.0212499	
304	0.0214025	
305	0.021536	
306	0.0216142	
307	0.0217324	
308	0.0218278	
309	0.0219022	
310	0.0219976	
311	0.0220758	
312	0.0221578	
313	0.0222474	
314	0.0223352	
315	0.0224096	
316	0.0224878	
317	0.0225374	
318	0.0225965	
319	0.0226632	
320	0.0226861	
321	0.0226957	
322	0.0226938	
323	0.0226785	
324	0.0226575	
325	0.0226213	
326	0.0225888	
327	0.0225354	
328	0.0224992	
329	0.0223886	
330	0.0223123	
331	0.0222207	
332	0.0221254	
333	0.02203	
334	0.0219308	
335	0.0218316	
336	0.0217096	
337	0.0215627	
338	0.0214254	
339	0.0212632	
340	0.0210954	
341	0.0209199	
342	0.0207559	
343	0.0205652	
344	0.0204011	
345	0.0202371	
346	0.0200959	
347	0.0199586	
348	0.0198327	
349	0.0197355	
350	0.0196668	
351	0.0195543	
352	0.0195543	
353	0.0195066	
354	0.0195009	
355	0.0195295	
356	0.019497	
357	0.0195543	
358	0.0196	
359	0.019621	
360	0.0196573	