0	0.0177957	
1	0.01779	
2	0.0177976	
3	0.017809	
4	0.0178281	
5	0.0178319	
6	0.0178434	
7	0.0178682	
8	0.017893	
9	0.0179216	
10	0.017954	
11	0.0179864	
12	0.0180265	
13	0.0180665	
14	0.0181104	
15	0.01816	
16	0.0182077	
17	0.0182554	
18	0.0183049	
19	0.0183545	
20	0.0184041	
21	0.0184518	
22	0.0185014	
23	0.0185491	
24	0.0185968	
25	0.0186387	
26	0.0186826	
27	0.0187227	
28	0.0187665	
29	0.0188028	
30	0.0188371	
31	0.0188676	
32	0.0188943	
33	0.018921	
34	0.0189344	
35	0.0189458	
36	0.0189592	
37	0.018963	
38	0.018963	
39	0.0189592	
40	0.0189515	
41	0.0189382	
42	0.018921	
43	0.0188981	
44	0.0188676	
45	0.0188333	
46	0.018797	
47	0.0187513	
48	0.0187017	
49	0.0186464	
50	0.0185872	
51	0.0185148	
52	0.0184423	
53	0.0183603	
54	0.0182744	
55	0.018181	
56	0.0180818	
57	0.0179731	
58	0.0178605	
59	0.0177404	
60	0.0176107	
61	0.0174714	
62	0.0173227	
63	0.017172	
64	0.0170099	
65	0.0168401	
66	0.0166627	
67	0.0164758	
68	0.0162832	
69	0.016081	
70	0.0158712	
71	0.0156461	
72	0.0154191	
73	0.0151845	
74	0.0149384	
75	0.0146886	
76	0.0144311	
77	0.0141698	
78	0.0139123	
79	0.0136471	
80	0.0133801	
81	0.0131207	
82	0.0128613	
83	0.0126114	
84	0.0123673	
85	0.0121384	
86	0.0119286	
87	0.011736	
88	0.0115643	
89	0.0114117	
90	0.0112935	
91	0.0112019	
92	0.0111428	
93	0.011118	
94	0.0111313	
95	0.0111771	
96	0.0112572	
97	0.0113679	
98	0.0115109	
99	0.0116749	
100	0.0118638	
101	0.0120698	
102	0.012291	
103	0.0125218	
104	0.0127621	
105	0.0130101	
106	0.0132638	
107	0.0135193	
108	0.013773	
109	0.014021	
110	0.014267	
111	0.0145207	
112	0.0147591	
113	0.0149861	
114	0.0152074	
115	0.015421	
116	0.0156327	
117	0.0158311	
118	0.0160218	
119	0.016205	
120	0.0163804	
121	0.0165445	
122	0.016697	
123	0.0168477	
124	0.0169908	
125	0.01713	
126	0.0172597	
127	0.017378	
128	0.0174886	
129	0.0175935	
130	0.0176908	
131	0.0177823	
132	0.0178643	
133	0.0179425	
134	0.0180112	
135	0.0180799	
136	0.0181409	
137	0.0181981	
138	0.0182477	
139	0.0182916	
140	0.0183316	
141	0.0183755	
142	0.018406	
143	0.0184366	
144	0.0184613	
145	0.0184842	
146	0.0184976	
147	0.0185109	
148	0.0185148	
149	0.0185109	
150	0.0185109	
151	0.0185052	
152	0.0184995	
153	0.018488	
154	0.0184709	
155	0.0184556	
156	0.0184308	
157	0.0184022	
158	0.0183736	
159	0.0183393	
160	0.0183049	
161	0.0182687	
162	0.0182306	
163	0.0181886	
164	0.0181524	
165	0.0181123	
166	0.0180761	
167	0.0180455	
168	0.0180169	
169	0.0179883	
170	0.0179578	
171	0.0179349	
172	0.0179139	
173	0.0178968	
174	0.0178815	
175	0.0178643	
176	0.0178529	
177	0.0178415	
178	0.0178338	
179	0.0178262	
180	0.0178243	
181	0.0178243	
182	0.0178281	
183	0.0178338	
184	0.0178453	
185	0.0178605	
186	0.0178739	
187	0.017891	
188	0.017912	
189	0.0179368	
190	0.0179673	
191	0.017996	
192	0.0180265	
193	0.0180627	
194	0.0181009	
195	0.0181409	
196	0.0181943	
197	0.0182382	
198	0.0182725	
199	0.0183622	
200	0.0183717	
201	0.0184194	
202	0.0184652	
203	0.0185128	
204	0.0185567	
205	0.0186082	
206	0.0186502	
207	0.0186883	
208	0.0187227	
209	0.0187532	
210	0.0187856	
211	0.0188142	
212	0.0188447	
213	0.0188714	
214	0.0188943	
215	0.0189096	
216	0.0189248	
217	0.0189344	
218	0.0189382	
219	0.0189401	
220	0.0189344	
221	0.0189229	
222	0.0189077	
223	0.0188905	
224	0.0188657	
225	0.0188314	
226	0.0187951	
227	0.0187532	
228	0.0187093	
229	0.018654	
230	0.018593	
231	0.0185281	
232	0.0184575	
233	0.0183793	
234	0.0182935	
235	0.0182	
236	0.0181009	
237	0.0180017	
238	0.017893	
239	0.0177747	
240	0.0176507	
241	0.0175077	
242	0.0173627	
243	0.0172139	
244	0.0170537	
245	0.0168878	
246	0.0167104	
247	0.0165273	
248	0.0163366	
249	0.0161363	
250	0.0159284	
251	0.0157148	
252	0.0154915	
253	0.0152627	
254	0.0150242	
255	0.014782	
256	0.0145321	
257	0.0142842	
258	0.0140286	
259	0.0137711	
260	0.0135079	
261	0.0132485	
262	0.0130025	
263	0.0127507	
264	0.0125046	
265	0.0122777	
266	0.0120679	
267	0.0118752	
268	0.0117093	
269	0.0115548	
270	0.0114346	
271	0.0113469	
272	0.0112935	
273	0.0112725	
274	0.0112839	
275	0.0113278	
276	0.0113984	
277	0.0115014	
278	0.011633	
279	0.0117932	
280	0.0119725	
281	0.012167	
282	0.0123826	
283	0.0126038	
284	0.0128327	
285	0.0130711	
286	0.0133134	
287	0.0135575	
288	0.0137997	
289	0.014042	
290	0.0142804	
291	0.0145169	
292	0.0147477	
293	0.0149689	
294	0.0151826	
295	0.0153905	
296	0.0155945	
297	0.0157892	
298	0.0159761	
299	0.0161573	
300	0.0163308	
301	0.0164911	
302	0.0166475	
303	0.0168	
304	0.0169431	
305	0.0170823	
306	0.0172178	
307	0.0173475	
308	0.0174714	
309	0.0175859	
310	0.0177041	
311	0.017809	
312	0.0179101	
313	0.0180074	
314	0.018097	
315	0.0181752	
316	0.0182477	
317	0.0183126	
318	0.0183736	
319	0.0184232	
320	0.018469	
321	0.0185071	
322	0.0185682	
323	0.018572	
324	0.0185853	
325	0.0186025	
326	0.0186139	
327	0.0186177	
328	0.0186197	
329	0.0186158	
330	0.0186082	
331	0.0186006	
332	0.0185815	
333	0.0185643	
334	0.0185453	
335	0.0185205	
336	0.01849	
337	0.0184575	
338	0.0184289	
339	0.0183965	
340	0.018366	
341	0.0183355	
342	0.0183011	
343	0.018263	
344	0.0182248	
345	0.0181905	
346	0.0181562	
347	0.0181161	
348	0.0180856	
349	0.0180513	
350	0.0180207	
351	0.0179883	
352	0.0179578	
353	0.0179292	
354	0.0179044	
355	0.0178796	
356	0.0178586	
357	0.0179025	
358	0.01783	
359	0.0178167	
360	0.01783	