0	0.0262223	
1	0.027815	
2	0.0276948	
3	0.0255491	
4	0.0255109	
5	0.025448	
6	0.0253907	
7	0.0253412	
8	0.0253278	
9	0.0253392	
10	0.025324	
11	0.0253049	
12	0.0252801	
13	0.0252019	
14	0.0251867	
15	0.0251657	
16	0.0251371	
17	0.0251104	
18	0.025118	
19	0.0250989	
20	0.024994	
21	0.0249387	
22	0.024912	
23	0.0248739	
24	0.02483	
25	0.0247785	
26	0.0247251	
27	0.0246946	
28	0.0246507	
29	0.0246049	
30	0.0245668	
31	0.0245191	
32	0.0244447	
33	0.0243722	
34	0.0243036	
35	0.0242292	
36	0.0241433	
37	0.0240613	
38	0.023985	
39	0.0239106	
40	0.0238172	
41	0.0237256	
42	0.0236303	
43	0.0235292	
44	0.023594	
45	0.0234624	
46	0.0233728	
47	0.0232373	
48	0.0230657	
49	0.0228902	
50	0.0227872	
51	0.0224687	
52	0.0222722	
53	0.0220777	
54	0.0218621	
55	0.0216352	
56	0.0214216	
57	0.0212041	
58	0.0210096	
59	0.0207559	
60	0.020487	
61	0.0202066	
62	0.0199262	
63	0.0196115	
64	0.0192853	
65	0.0189553	
66	0.0188009	
67	0.0182439	
68	0.0179731	
69	0.0177099	
70	0.0171949	
71	0.0166684	
72	0.0161268	
73	0.0156327	
74	0.0151444	
75	0.0145455	
76	0.0140038	
77	0.0134984	
78	0.0129834	
79	0.0123578	
80	0.0116921	
81	0.0110856	
82	0.0104638	
83	0.00984961	
84	0.00923353	
85	0.00859267	
86	0.00796133	
87	0.00732806	
88	0.00671008	
89	0.00616458	
90	0.00568011	
91	0.00525096	
92	0.0048981	
93	0.00461772	
94	0.00442508	
95	0.00432971	
96	0.00433925	
97	0.00443843	
98	0.0046387	
99	0.00493434	
100	0.00531963	
101	0.00578502	
102	0.00631335	
103	0.00690082	
104	0.00752261	
105	0.00817496	
106	0.00884634	
107	0.00952917	
108	0.0102063	
109	0.010891	
110	0.0115624	
111	0.0122204	
112	0.0128613	
113	0.0134774	
114	0.0140782	
115	0.0146695	
116	0.0152455	
117	0.0157892	
118	0.0163251	
119	0.0168439	
120	0.0173455	
121	0.0178262	
122	0.0182897	
123	0.0187322	
124	0.019148	
125	0.0195447	
126	0.0199128	
127	0.0202905	
128	0.0206491	
129	0.0210096	
130	0.0213624	
131	0.0216962	
132	0.0220109	
133	0.0223066	
134	0.0225793	
135	0.0228368	
136	0.0230771	
137	0.023306	
138	0.0235234	
139	0.0237333	
140	0.0239278	
141	0.0241128	
142	0.0242902	
143	0.0244581	
144	0.0246145	
145	0.0247594	
146	0.024891	
147	0.0250112	
148	0.0251313	
149	0.0252324	
150	0.0253297	
151	0.0254251	
152	0.0255128	
153	0.0255948	
154	0.025673	
155	0.025736	
156	0.025797	
157	0.0258428	
158	0.0258828	
159	0.0259095	
160	0.0259477	
161	0.0259839	
162	0.0260125	
163	0.026045	
164	0.026064	
165	0.0260793	
166	0.0260926	
167	0.0260907	
168	0.0260812	
169	0.0260793	
170	0.0260659	
171	0.0260564	
172	0.0260469	
173	0.0260316	
174	0.0260144	
175	0.0259973	
176	0.0259782	
177	0.0259591	
178	0.025942	
179	0.0259191	
180	0.0259362	
181	0.0259553	
182	0.0258485	
183	0.0257989	
184	0.025776	
185	0.025755	
186	0.0257207	
187	0.0256902	
188	0.0256559	
189	0.0256196	
190	0.0255853	
191	0.0255491	
192	0.0255147	
193	0.0254766	
194	0.0254537	
195	0.0254117	
196	0.0253793	
197	0.0253431	
198	0.0253049	
199	0.0252744	
200	0.0252248	
201	0.0251924	
202	0.0251561	
203	0.0251065	
204	0.0250589	
205	0.0250055	
206	0.0249616	
207	0.0249254	
208	0.0248739	
209	0.0248185	
210	0.0247689	
211	0.0247022	
212	0.024645	
213	0.024582	
214	0.0245095	
215	0.0244352	
216	0.0243646	
217	0.0242807	
218	0.0241758	
219	0.024088	
220	0.0239984	
221	0.0239049	
222	0.0237981	
223	0.0236894	
224	0.0235616	
225	0.0234452	
226	0.0233194	
227	0.0231878	
228	0.0230447	
229	0.0229036	
230	0.0227491	
231	0.022585	
232	0.0224134	
233	0.0222188	
234	0.0220128	
235	0.0217916	
236	0.0215684	
237	0.0213414	
238	0.0210992	
239	0.020836	
240	0.0205671	
241	0.0202867	
242	0.0199891	
243	0.0196725	
244	0.0193406	
245	0.0189992	
246	0.0186445	
247	0.0182706	
248	0.017893	
249	0.0175039	
250	0.0171052	
251	0.0166589	
252	0.0162145	
253	0.0157434	
254	0.0152493	
255	0.0147324	
256	0.0142003	
257	0.0136529	
258	0.0130959	
259	0.0125256	
260	0.0119362	
261	0.0113373	
262	0.0107289	
263	0.0101109	
264	0.00949103	
265	0.00886732	
266	0.00825125	
267	0.00765041	
268	0.00707629	
269	0.00654224	
270	0.00605205	
271	0.00561908	
272	0.00526431	
273	0.00498775	
274	0.00480273	
275	0.00472072	
276	0.00472835	
277	0.0048466	
278	0.00506023	
279	0.00536731	
280	0.00575259	
281	0.00621417	
282	0.00673869	
283	0.0073109	
284	0.00792128	
285	0.00855261	
286	0.00922781	
287	0.00991064	
288	0.0105839	
289	0.0112439	
290	0.0119115	
291	0.0125771	
292	0.0132294	
293	0.0138474	
294	0.0144425	
295	0.0150395	
296	0.0156155	
297	0.016163	
298	0.0166894	
299	0.0172006	
300	0.0176927	
301	0.0181543	
302	0.0186197	
303	0.0190583	
304	0.0194818	
305	0.0198766	
306	0.0202543	
307	0.0206167	
308	0.0209676	
309	0.0212976	
310	0.0216085	
311	0.0218984	
312	0.0221769	
313	0.0224458	
314	0.0226861	
315	0.0229474	
316	0.0231973	
317	0.0234262	
318	0.0236455	
319	0.0238572	
320	0.0240499	
321	0.0242292	
322	0.0243989	
323	0.0245649	
324	0.0247422	
325	0.0248891	
326	0.0250322	
327	0.0251771	
328	0.0253049	
329	0.0254194	
330	0.0255166	
331	0.0256101	
332	0.025694	
333	0.0257684	
334	0.0258371	
335	0.0259057	
336	0.0259668	
337	0.0260202	
338	0.0260679	
339	0.0261289	
340	0.0261613	
341	0.0261899	
342	0.026209	
343	0.0262281	
344	0.0262319	
345	0.0262357	
346	0.0262471	
347	0.0262376	
348	0.0262357	
349	0.0262319	
350	0.0262204	
351	0.0261956	
352	0.0261689	
353	0.0261422	
354	0.0261155	
355	0.026064	
356	0.0260221	
357	0.0260068	
358	0.0259725	
359	0.0259572	
360	0.025942	