0	0.0299722	
1	0.0299894	
2	0.0300237	
3	0.0300466	
4	0.0300771	
5	0.0301057	
6	0.0301343	
7	0.0301553	
8	0.030182	
9	0.0302087	
10	0.0302488	
11	0.0302678	
12	0.0302984	
13	0.0303251	
14	0.0303499	
15	0.0303651	
16	0.0303899	
17	0.0304109	
18	0.0304433	
19	0.0304624	
20	0.0304471	
21	0.0304357	
22	0.0304338	
23	0.0304414	
24	0.0304357	
25	0.0304319	
26	0.0304128	
27	0.0303937	
28	0.0303746	
29	0.0303384	
30	0.0302926	
31	0.0302545	
32	0.0302221	
33	0.0301534	
34	0.0301172	
35	0.0300599	
36	0.0299855	
37	0.0299188	
38	0.0298425	
39	0.0297643	
40	0.0296689	
41	0.0295678	
42	0.0294515	
43	0.0293256	
44	0.0291711	
45	0.0290376	
46	0.0289041	
47	0.0287534	
48	0.0285703	
49	0.0283929	
50	0.0282003	
51	0.0279809	
52	0.0277921	
53	0.0275708	
54	0.0273267	
55	0.027073	
56	0.026806	
57	0.0265275	
58	0.0262338	
59	0.0259324	
60	0.0256139	
61	0.025282	
62	0.0249387	
63	0.0245801	
64	0.0241948	
65	0.0237943	
66	0.0233899	
67	0.0229665	
68	0.0225145	
69	0.0220491	
70	0.0215722	
71	0.0210706	
72	0.0205785	
73	0.0200464	
74	0.0194741	
75	0.0188924	
76	0.0183011	
77	0.0177003	
78	0.0170881	
79	0.0164663	
80	0.0158445	
81	0.0152188	
82	0.0146161	
83	0.0140343	
84	0.0134621	
85	0.0129223	
86	0.0124341	
87	0.0120011	
88	0.0116501	
89	0.0114041	
90	0.0112229	
91	0.011097	
92	0.0110951	
93	0.0111943	
94	0.0113946	
95	0.011673	
96	0.0120392	
97	0.0124589	
98	0.0129357	
99	0.0134507	
100	0.0140114	
101	0.0145703	
102	0.0151444	
103	0.0157377	
104	0.0163327	
105	0.0169164	
106	0.0175096	
107	0.0180761	
108	0.0186425	
109	0.0191957	
110	0.0197164	
111	0.0202256	
112	0.0207196	
113	0.0211869	
114	0.0216447	
115	0.0221006	
116	0.0225259	
117	0.0229264	
118	0.0233175	
119	0.0236875	
120	0.0240461	
121	0.0243818	
122	0.0247175	
123	0.0250207	
124	0.0253316	
125	0.025612	
126	0.0258828	
127	0.0261422	
128	0.026394	
129	0.026621	
130	0.026848	
131	0.0270635	
132	0.0272657	
133	0.0274564	
134	0.0276376	
135	0.0278093	
136	0.0279657	
137	0.0281163	
138	0.0282575	
139	0.028391	
140	0.0285093	
141	0.0286313	
142	0.028742	
143	0.0288373	
144	0.0289346	
145	0.0290281	
146	0.0291139	
147	0.0291921	
148	0.0292646	
149	0.0293256	
150	0.0293905	
151	0.0294439	
152	0.0295049	
153	0.0295545	
154	0.0296117	
155	0.0296327	
156	0.0296651	
157	0.029709	
158	0.0297376	
159	0.0297586	
160	0.0297834	
161	0.0298082	
162	0.0297853	
163	0.0297948	
164	0.0298139	
165	0.0298311	
166	0.0298482	
167	0.0299112	
168	0.0299321	
169	0.0299588	
170	0.0299817	
171	0.0299989	
172	0.0300256	
173	0.0300466	
174	0.0300714	
175	0.0300981	
176	0.0301172	
177	0.0301419	
178	0.0301725	
179	0.0302011	
180	0.0302354	