0	0.0221502	
2	0.0220948	
4	0.0220529	
6	0.0219976	
8	0.0219346	
10	0.0218526	
12	0.0217611	
14	0.0216562	
16	0.0215417	
18	0.0214139	
20	0.0212766	
22	0.0211316	
24	0.0209752	
26	0.0208055	
28	0.0206262	
30	0.0204355	
32	0.0202256	
34	0.0200673	
36	0.0198232	
38	0.0195657	
40	0.0192968	
42	0.0190107	
44	0.0186998	
46	0.0183698	
48	0.0180265	
50	0.0176584	
52	0.0172673	
54	0.0168153	
56	0.016287	
58	0.0157377	
60	0.0151711	
62	0.0145589	
64	0.0139199	
66	0.0132371	
68	0.0124283	
70	0.0115224	
72	0.0105839	
74	0.00956732	
76	0.00857931	
78	0.00736621	
80	0.00610355	
82	0.00480273	
84	0.00350572	
86	0.00226976	
88	0.00123406	
90	0.000501636	
92	0.00019455	
94	0.000370027	
96	0.00101281	
98	0.00202371	
100	0.00329782	
102	0.00469211	
104	0.00615123	
106	0.00755122	
108	0.00889403	
110	0.0100995	
112	0.0112324	
114	0.0123044	
116	0.0132619	
118	0.0141183	
120	0.0148907	
122	0.0156079	
124	0.016203	
126	0.0168306	
128	0.0173322	
130	0.0178109	
132	0.0182573	
134	0.0186635	
136	0.0190603	
138	0.0194398	
140	0.0197603	
142	0.0200559	
144	0.0203248	
146	0.0205804	
148	0.020794	
150	0.0209867	
152	0.0211641	
154	0.0213395	
156	0.0214959	
158	0.0216237	
160	0.0217534	
162	0.0218564	
164	0.0219499	
166	0.0220681	
168	0.0221463	
170	0.0221921	
172	0.0222207	
174	0.0222226	
176	0.0222341	
178	0.0222284	
180	0.0222093	