0	0.023388	
2	0.0233613	
4	0.0233041	
6	0.0232431	
8	0.0231534	
10	0.0230447	
12	0.0229131	
14	0.0227624	
16	0.0226022	
18	0.0224191	
20	0.0222245	
22	0.0220224	
24	0.0217954	
26	0.0215513	
28	0.0212938	
30	0.0210325	
32	0.0207769	
34	0.0205156	
36	0.0202256	
38	0.0199395	
40	0.0196325	
42	0.0193177	
44	0.0189782	
46	0.0186177	
48	0.0182401	
50	0.01783	
52	0.0174028	
54	0.0169469	
56	0.0164682	
58	0.0159646	
60	0.0154324	
62	0.0148621	
64	0.0142518	
66	0.0135975	
68	0.012909	
70	0.0121785	
72	0.0113946	
74	0.010563	
76	0.00968939	
78	0.00876814	
80	0.00782019	
82	0.0068455	
84	0.0058594	
86	0.00491527	
88	0.00406268	
90	0.00336076	
92	0.00288583	
94	0.00269319	
96	0.0028248	
98	0.00328065	
100	0.00397494	
102	0.00493816	
104	0.00610545	
106	0.00735477	
108	0.008627	
110	0.00988013	
112	0.0110722	
114	0.0121861	
116	0.0132161	
118	0.0141698	
120	0.0150471	
122	0.0158483	
124	0.0165712	
126	0.017233	
128	0.0178281	
130	0.0183679	
132	0.0188543	
134	0.0193139	
136	0.0197393	
138	0.0201436	
140	0.0205003	
142	0.0207826	
144	0.0210458	
146	0.0213071	
148	0.0215207	
150	0.0217096	
152	0.0218927	
154	0.0220739	
156	0.0222512	
158	0.0224	
160	0.0225202	
162	0.0226175	
164	0.0227224	
166	0.0228139	
168	0.0228807	
170	0.0229474	
172	0.0230008	
174	0.0230275	
176	0.0230523	
178	0.0230485	
180	0.0230237	