0	0.0187303	
1	0.0187513	
2	0.0187894	
3	0.0188104	
4	0.0188333	
5	0.0188543	
6	0.018881	
7	0.018921	
8	0.018963	
9	0.0189859	
10	0.0190564	
11	0.0191137	
12	0.0191594	
13	0.0192109	
14	0.0192624	
15	0.0193006	
16	0.0193769	
17	0.0194227	
18	0.0194818	
19	0.019539	
20	0.0196096	
21	0.0196458	
22	0.0196916	
23	0.0197393	
24	0.0197908	
25	0.0198346	
26	0.0198804	
27	0.0199205	
28	0.0199586	
29	0.0199949	
30	0.0200254	
31	0.0200597	
32	0.0200959	
33	0.0201207	
34	0.0201436	
35	0.0201436	
36	0.020136	
37	0.0200826	
38	0.0201474	
39	0.0201398	
40	0.0200845	
41	0.0201303	
42	0.0201379	
43	0.0201169	
44	0.0200902	
45	0.0200654	
46	0.0200177	
47	0.0199701	
48	0.0199186	
49	0.0198671	
50	0.0198156	
51	0.0197526	
52	0.0196725	
53	0.0195886	
54	0.0194875	
55	0.0193921	
56	0.0193006	
57	0.0191861	
58	0.0190641	
59	0.0189401	
60	0.0188142	
61	0.0186921	
62	0.0185491	
63	0.0183984	
64	0.018242	
65	0.0180761	
66	0.017912	
67	0.0177366	
68	0.0175554	
69	0.0173703	
70	0.0171796	
71	0.0169793	
72	0.0167733	
73	0.0165616	
74	0.0163461	
75	0.0161306	
76	0.0159055	
77	0.0156785	
78	0.0154496	
79	0.0152188	
80	0.0149975	
81	0.0147687	
82	0.0145455	
83	0.0143357	
84	0.0141373	
85	0.0139542	
86	0.0137864	
87	0.01363	
88	0.0134984	
89	0.0133935	
90	0.0133153	
91	0.0132771	
92	0.013239	
93	0.0132599	
94	0.0133019	
95	0.0133744	
96	0.0134698	
97	0.0135918	
98	0.0137311	
99	0.0138894	
100	0.0140725	
101	0.0142594	
102	0.0144597	
103	0.0146618	
104	0.0148793	
105	0.0150948	
106	0.0153161	
107	0.0155335	
108	0.0157529	
109	0.0159703	
110	0.016184	
111	0.0163919	
112	0.016596	
113	0.0167867	
114	0.0169793	
115	0.0171643	
116	0.0173436	
117	0.0175115	
118	0.0176717	
119	0.01783	
120	0.0179826	
121	0.0181218	
122	0.0182554	
123	0.0183831	
124	0.0185052	
125	0.0186235	
126	0.018736	
127	0.0188333	
128	0.0189344	
129	0.019024	
130	0.019106	
131	0.0191861	
132	0.0192567	
133	0.0193216	
134	0.0193807	
135	0.0194303	
136	0.0194722	
137	0.0195142	
138	0.0195466	
139	0.0195695	
140	0.0195943	
141	0.0196077	
142	0.0196248	
143	0.0196325	
144	0.0196344	
145	0.0196325	
146	0.019621	
147	0.0196153	
148	0.0196077	
149	0.0195905	
150	0.0195657	
151	0.0195562	
152	0.0195504	
153	0.0195237	
154	0.019497	
155	0.0194646	
156	0.0194303	
157	0.0193979	
158	0.0193692	
159	0.0193349	
160	0.0193025	
161	0.019272	
162	0.0192395	
163	0.0192071	
164	0.0191709	
165	0.0191461	
166	0.0191175	
167	0.0190831	
168	0.0190412	
169	0.0190126	
170	0.0189801	
171	0.0189553	
172	0.0189286	
173	0.0189077	
174	0.0188829	
175	0.0188676	
176	0.0188562	
177	0.0188524	
178	0.0188543	
179	0.0188676	
180	0.0188619	
181	0.0188733	
182	0.0188791	
183	0.0188924	
184	0.0189115	
185	0.0189344	
186	0.0189592	
187	0.0189897	
188	0.019024	
189	0.0190622	
190	0.019106	
191	0.0191537	
192	0.0191976	
193	0.0192472	
194	0.019291	
195	0.0193464	
196	0.0194017	
197	0.019457	
198	0.0195123	
199	0.0195676	
200	0.0196229	
201	0.019682	
202	0.0197335	
203	0.0197927	
204	0.0198385	
205	0.0198842	
206	0.0199281	
207	0.0199643	
208	0.0200063	
209	0.0200177	
210	0.020033	
211	0.0200731	
212	0.0201188	
213	0.0201379	
214	0.0201551	
215	0.0201703	
216	0.0201837	
217	0.0201989	
218	0.0201932	
219	0.0201989	
220	0.0201856	
221	0.0201665	
222	0.0201474	
223	0.0201207	
224	0.0200845	
225	0.0200711	
226	0.0200368	
227	0.0200216	
228	0.019972	
229	0.01993	
230	0.0198518	
231	0.0198003	
232	0.0196801	
233	0.0196	
234	0.0195047	
235	0.0194112	
236	0.0193216	
237	0.0192529	
238	0.0191442	
239	0.0190297	
240	0.0188943	
241	0.0187322	
242	0.0185796	
243	0.0184442	
244	0.0183374	
245	0.0181924	
246	0.017994	
247	0.0178243	
248	0.017645	
249	0.0174581	
250	0.0172693	
251	0.0170766	
252	0.0168782	
253	0.0166723	
254	0.016451	
255	0.0162317	
256	0.0160142	
257	0.015833	
258	0.0157548	
259	0.0155278	
260	0.0153561	
261	0.0152131	
262	0.0149193	
263	0.0146237	
264	0.0142537	
265	0.0140343	
266	0.0138589	
267	0.0137044	
268	0.0135747	
269	0.0134736	
270	0.0133896	
271	0.0133649	
272	0.0135747	
273	0.0135632	
274	0.0137978	
275	0.0138512	
276	0.0135728	
277	0.0135861	
278	0.0136548	
279	0.014021	
280	0.0144959	
281	0.0144902	
282	0.0148202	
283	0.0149155	
284	0.0150757	
285	0.0152989	
286	0.015524	
287	0.0159761	
288	0.0162545	
289	0.0165368	
290	0.0167485	
291	0.0173246	
292	0.0177366	
293	0.0173589	
294	0.017624	
295	0.0181009	
296	0.0176584	
297	0.017893	
298	0.0179483	
299	0.0182401	
300	0.0184308	
301	0.0184995	
302	0.0182592	
303	0.0183183	
304	0.0184442	
305	0.0185663	
306	0.0186635	
307	0.0187608	
308	0.01886	
309	0.0189592	
310	0.0190431	
311	0.0191251	
312	0.019188	
313	0.0192491	
314	0.019312	
315	0.0193578	
316	0.0194074	
317	0.0194455	
318	0.0194837	
319	0.0195085	
320	0.0195276	
321	0.0195485	
322	0.0195619	
323	0.0195657	
324	0.0195695	
325	0.0195676	
326	0.0195657	
327	0.0195524	
328	0.0195409	
329	0.019539	
330	0.0195104	
331	0.0194875	
332	0.0194608	
333	0.0194494	
334	0.0194017	
335	0.0193692	
336	0.0193387	
337	0.0193464	
338	0.0192662	
339	0.0192243	
340	0.019188	
341	0.0191499	
342	0.0191118	
343	0.0190736	
344	0.0190336	
345	0.0189973	
346	0.0189916	
347	0.0189344	
348	0.0189096	
349	0.0188791	
350	0.0189058	
351	0.0188009	
352	0.0188142	
353	0.0187494	
354	0.0187474	
355	0.0187398	
356	0.0187074	
357	0.0186769	
358	0.0186349	
359	0.0186311	
360	0.0186082	