0	0.0174466	
1	0.0174371	
2	0.0174409	
3	0.0174581	
4	0.0174752	
5	0.0174943	
6	0.0175229	
7	0.0175573	
8	0.0175897	
9	0.0176259	
10	0.017666	
11	0.0177041	
12	0.0177442	
13	0.0177919	
14	0.0178357	
15	0.0178796	
16	0.0179273	
17	0.0179769	
18	0.0180265	
19	0.018078	
20	0.0181276	
21	0.0181791	
22	0.0182229	
23	0.0182706	
24	0.0183164	
25	0.0183622	
26	0.018406	
27	0.0184442	
28	0.0184747	
29	0.0185109	
30	0.0185472	
31	0.0185777	
32	0.0186025	
33	0.0186254	
34	0.0186445	
35	0.0186597	
36	0.0186654	
37	0.0186673	
38	0.0186673	
39	0.0186616	
40	0.0186425	
41	0.0186235	
42	0.0185968	
43	0.0185663	
44	0.0185281	
45	0.0184842	
46	0.0184327	
47	0.0183774	
48	0.0183145	
49	0.0182477	
50	0.0181791	
51	0.0181047	
52	0.0180227	
53	0.0179311	
54	0.0178376	
55	0.0177308	
56	0.0176145	
57	0.0174924	
58	0.0173646	
59	0.0172311	
60	0.01709	
61	0.0169393	
62	0.0167753	
63	0.0166074	
64	0.0164262	
65	0.0162355	
66	0.016039	
67	0.015833	
68	0.0156174	
69	0.0153924	
70	0.0151559	
71	0.0149079	
72	0.0146599	
73	0.0143967	
74	0.0141278	
75	0.0138493	
76	0.0135632	
77	0.0132828	
78	0.0129929	
79	0.0127068	
80	0.0124188	
81	0.0121327	
82	0.0118561	
83	0.0115891	
84	0.0113335	
85	0.0110913	
86	0.0108719	
87	0.0106774	
88	0.0105096	
89	0.0103722	
90	0.0102654	
91	0.0101929	
92	0.0101529	
93	0.0101548	
94	0.0101967	
95	0.010273	
96	0.0103875	
97	0.0105305	
98	0.0107079	
99	0.0109025	
100	0.0111199	
101	0.0113564	
102	0.0116139	
103	0.011879	
104	0.0121499	
105	0.0124264	
106	0.0127106	
107	0.0129929	
108	0.0132714	
109	0.013548	
110	0.0138207	
111	0.0140877	
112	0.0143414	
113	0.0145875	
114	0.0148278	
115	0.0150605	
116	0.0152836	
117	0.0154935	
118	0.0156976	
119	0.0158902	
120	0.0160753	
121	0.0162507	
122	0.0164129	
123	0.0165712	
124	0.0167199	
125	0.016863	
126	0.0170003	
127	0.0171224	
128	0.0172368	
129	0.0173379	
130	0.0174352	
131	0.0175229	
132	0.0176049	
133	0.0176793	
134	0.0177461	
135	0.0177976	
136	0.0178548	
137	0.0179044	
138	0.0179483	
139	0.0179883	
140	0.0180265	
141	0.0180589	
142	0.0180875	
143	0.0181085	
144	0.0181276	
145	0.0181409	
146	0.0181543	
147	0.0181562	
148	0.0181543	
149	0.0181524	
150	0.0181409	
151	0.0181237	
152	0.0181028	
153	0.0180761	
154	0.0180494	
155	0.0180303	
156	0.0180131	
157	0.0179921	
158	0.0179654	
159	0.017933	
160	0.0179006	
161	0.0178643	
162	0.0178319	
163	0.0177976	
164	0.0177575	
165	0.0177194	
166	0.0176812	
167	0.017645	
168	0.0176107	
169	0.0175782	
170	0.017542	
171	0.017521	
172	0.0175	
173	0.0174886	
174	0.0174867	
175	0.017481	
176	0.0174752	
177	0.0174772	
178	0.0174752	
179	0.0174791	
180	0.0174848	
181	0.0174943	
182	0.0175077	
183	0.0175229	
184	0.0175458	
185	0.017563	
186	0.0175859	
187	0.0176107	
188	0.0176412	
189	0.0176717	
190	0.0177041	
191	0.0177423	
192	0.0177766	
193	0.017809	
194	0.0178434	
195	0.0178777	
196	0.0179158	
197	0.0179559	
198	0.017996	
199	0.018036	
200	0.0180799	
201	0.0181161	
202	0.0181543	
203	0.0181848	
204	0.0182153	
205	0.0182458	
206	0.0182744	
207	0.018303	
208	0.0183297	
209	0.0183526	
210	0.0183793	
211	0.0184079	
212	0.0184366	
213	0.0184613	
214	0.0184804	
215	0.0184995	
216	0.0185128	
217	0.0185224	
218	0.0185243	
219	0.0185243	
220	0.0185167	
221	0.0185033	
222	0.0184861	
223	0.0184728	
224	0.0184442	
225	0.0184137	
226	0.0183717	
227	0.018324	
228	0.0182687	
229	0.0182077	
230	0.0181352	
231	0.0180608	
232	0.0179807	
233	0.0178872	
234	0.0177842	
235	0.0176755	
236	0.0175573	
237	0.0174295	
238	0.0172979	
239	0.0171567	
240	0.0170118	
241	0.0168611	
242	0.0166932	
243	0.0165197	
244	0.0163366	
245	0.016142	
246	0.0159436	
247	0.0157377	
248	0.0155259	
249	0.0153027	
250	0.01507	
251	0.014824	
252	0.0145741	
253	0.0143166	
254	0.0140515	
255	0.0137845	
256	0.013506	
257	0.0132142	
258	0.0129357	
259	0.0126553	
260	0.0123845	
261	0.0121117	
262	0.0118466	
263	0.0115681	
264	0.0113011	
265	0.0110646	
266	0.0108433	
267	0.0106431	
268	0.010479	
269	0.0103322	
270	0.0102158	
271	0.0101357	
272	0.0100918	
273	0.0100937	
274	0.0101452	
275	0.0102502	
276	0.0103455	
277	0.0104409	
278	0.0106183	
279	0.0109177	
280	0.0114709	
281	0.0120736	
282	0.0131188	