0	0.0226747	
2	0.0226251	
4	0.0225984	
6	0.0225736	
8	0.022545	
10	0.0224649	
12	0.0223714	
14	0.0223314	
16	0.0222074	
18	0.0220872	
20	0.0219671	
22	0.0218316	
24	0.0216886	
26	0.0215226	
28	0.0213548	
30	0.021166	
32	0.0209638	
34	0.0207502	
36	0.0205117	
38	0.0202581	
40	0.0199891	
42	0.0196763	
44	0.019375	
46	0.0190374	
48	0.0186673	
50	0.0182592	
52	0.0177938	
54	0.0173398	
56	0.0168363	
58	0.0162793	
60	0.0156518	
62	0.014988	
64	0.0142651	
66	0.0134526	
68	0.0125466	
70	0.0115662	
72	0.0104809	
74	0.00929457	
76	0.00800711	
78	0.00662807	
80	0.00520328	
82	0.00374986	
84	0.00237466	
86	0.00118638	
88	0.000381472	
90	7.62944E-5	
92	0.000331881	
94	0.00109483	
96	0.00224878	
98	0.00364305	
100	0.00518611	
102	0.00669864	
104	0.00815779	
106	0.00944906	
108	0.0106888	
110	0.0118237	
112	0.012867	
114	0.0138169	
116	0.0146428	
118	0.0154076	
120	0.0160981	
122	0.0167409	
124	0.0173112	
126	0.0178376	
128	0.0183641	
130	0.0187856	
132	0.0191823	
134	0.0195485	
136	0.0198938	
138	0.0202314	
140	0.0205156	
142	0.0208093	
144	0.0210592	
146	0.0212899	
148	0.0214978	
150	0.0216924	
152	0.0218755	
154	0.0220472	
156	0.0221959	
158	0.022339	
160	0.022463	
162	0.0225621	
164	0.0226556	
166	0.0227414	
168	0.0228158	
170	0.0228845	
172	0.0229284	
174	0.0229589	
176	0.0229703	
178	0.0229722	
180	0.0229608	