0	1.07289E-5	
1	2.26499E-5	
2	4.48229E-5	
3	7.46255E-5	
4	0.000112296	
5	0.000155927	
6	0.000206233	
7	0.000264408	
8	0.000328543	
9	0.000397446	
10	0.000471594	
11	0.000549797	
12	0.000634436	
13	0.000721458	
14	0.000809912	
15	0.000901464	
16	0.000994928	
17	0.00109101	
18	0.00118757	
19	0.00128437	
20	0.0013826	
21	0.00147749	
22	0.00157071	
23	0.00166941	
24	0.00176144	
25	0.00185204	
26	0.0019393	
27	0.002023	
28	0.00210167	
29	0.00217916	
30	0.00225116	
31	0.00231887	
32	0.00238468	
33	0.00244333	
34	0.00249816	
35	0.00254895	
36	0.00259615	
37	0.0026343	
38	0.00267078	
39	0.00269963	
40	0.00272228	
41	0.00274278	
42	0.00276066	
43	0.00277211	
44	0.00277855	
45	0.00277807	
46	0.00277235	
47	0.00275733	
48	0.00274087	
49	0.00271727	
50	0.00268532	
51	0.00265004	
52	0.00260879	
53	0.00256015	
54	0.00250794	
55	0.00245096	
56	0.00238635	
57	0.00231721	
58	0.00224401	
59	0.00216676	
60	0.00208618	
61	0.00200011	
62	0.00191117	
63	0.00181986	
64	0.00172735	
65	0.00163556	
66	0.00154281	
67	0.00143696	
68	0.00133706	
69	0.00123573	
70	0.00113607	
71	0.00103641	
72	0.000938419	
73	0.000843767	
74	0.000750307	
75	0.000658754	
76	0.000571731	
77	0.000488762	
78	0.000412943	
79	0.000340464	
80	0.000274422	
81	0.000214816	
82	0.000161887	
83	0.000117302	
84	7.93939E-5	
85	4.91145E-5	
86	2.78951E-5	
87	1.38283E-5	
88	8.10629E-6	
89	1.14442E-5	
90	2.19346E-5	
91	4.05314E-5	
92	6.91419E-5	
93	0.000104189	
94	0.000146628	
95	0.000196696	
96	0.000252964	
97	0.000317099	
98	0.000385763	
99	0.000460388	
100	0.000537876	
101	0.000621799	
102	0.000706915	
103	0.000795368	
104	0.000885967	
105	0.000981338	
106	0.00107623	
107	0.00117207	
108	0.00126649	
109	0.00136185	
110	0.00145818	
111	0.00155164	
112	0.00164271	
113	0.00173498	
114	0.00182701	
115	0.00191618	
116	0.00200321	
117	0.00208546	
118	0.002167	
119	0.00224186	
120	0.00231315	
121	0.00238468	
122	0.00248982	
123	0.00251867	
124	0.0025685	
125	0.00261618	
126	0.00265671	
127	0.00269105	
128	0.00272442	
129	0.00275041	
130	0.00277497	
131	0.0027888	
132	0.00279929	
133	0.00280429	
134	0.00280382	
135	0.00279762	
136	0.00278498	
137	0.0027671	
138	0.00274302	
139	0.0027125	
140	0.00267912	
141	0.00263859	
142	0.00259234	
143	0.0025418	
144	0.00248767	
145	0.00242735	
146	0.00236203	
147	0.0022905	
148	0.00221612	
149	0.0021372	
150	0.00205709	
151	0.00197174	
152	0.00188256	
153	0.00179268	
154	0.00170041	
155	0.00160647	
156	0.00151087	
157	0.00141454	
158	0.00131775	
159	0.0012219	
160	0.00112654	
161	0.00103093	
162	0.000936512	
163	0.00084329	
164	0.00075293	
165	0.00066543	
166	0.000580791	
167	0.000502113	
168	0.000425579	
169	0.000355484	
170	0.000288727	
171	0.000229598	
172	0.000176431	
173	0.000130654	
174	9.05995E-5	
175	5.84128E-5	
176	3.31404E-5	
177	1.50204E-5	
178	4.7684E-6	
179	2.3842E-6	
180	7.39101E-6	