0	0.0209142	
2	0.0208493	
4	0.0207731	
6	0.0206739	
8	0.0205728	
10	0.020424	
12	0.0202867	
14	0.0201436	
16	0.0199929	
18	0.0198499	
20	0.019682	
22	0.019497	
24	0.0193273	
26	0.0191499	
28	0.0189878	
30	0.0188047	
32	0.0186158	
34	0.0184308	
36	0.0182306	
38	0.018036	
40	0.0178777	
42	0.0176755	
44	0.0174619	
46	0.0172426	
48	0.0170156	
50	0.016781	
52	0.0165311	
54	0.0162717	
56	0.0159837	
58	0.0156595	
60	0.015215	
62	0.0148545	
64	0.0145188	
66	0.0141049	
68	0.0136166	
70	0.0130978	
72	0.0125199	
74	0.0118867	
76	0.0111962	
78	0.0104333	
80	0.00956732	
82	0.00863844	
84	0.00761798	
86	0.00649455	
88	0.00530627	
90	0.00407413	
92	0.00285341	
94	0.00171662	
96	0.000827793	
98	0.000213624	
100	8.96459E-5	
102	0.000610355	
104	0.00145913	
106	0.00277139	
108	0.00407794	
110	0.0056248	
112	0.00714114	
114	0.00857359	
116	0.00991827	
118	0.0111104	
120	0.0122586	
122	0.0136853	
124	0.0141965	
126	0.0149918	
128	0.0156919	
130	0.0163423	
132	0.0169355	
134	0.0174505	
136	0.0179445	
138	0.0184671	
140	0.0188371	
142	0.0191785	
144	0.0194856	
146	0.0197736	
148	0.0199929	
150	0.0202085	
152	0.020403	
154	0.0205823	
156	0.0207311	
158	0.0208551	
160	0.020981	
162	0.0210668	
164	0.0211526	
166	0.0211755	
168	0.0212442	
170	0.0212632	
172	0.0212518	
174	0.0212232	
176	0.0211412	
178	0.0210782	
180	0.0210286	