0	0.0293599	
1	0.0293771	
2	0.0293943	
3	0.0294286	
4	0.0294648	
5	0.0294858	
6	0.0295106	
7	0.0295469	
8	0.0295888	
9	0.0296155	
10	0.0296594	
11	0.0296823	
12	0.0296956	
13	0.0297204	
14	0.029749	
15	0.0297738	
16	0.0297967	
17	0.0298272	
18	0.0298539	
19	0.029873	
20	0.0299436	
21	0.0300122	
22	0.0300275	
23	0.0300122	
24	0.0299951	
25	0.0300122	
26	0.0299817	
27	0.0299588	
28	0.0299455	
29	0.0299245	
30	0.0298806	
31	0.0298387	
32	0.0297891	
33	0.0297452	
34	0.0297166	
35	0.0296251	
36	0.0295564	
37	0.0294706	
38	0.0293866	
39	0.0293199	
40	0.0292665	
41	0.0291787	
42	0.0290338	
43	0.0288869	
44	0.028843	
45	0.0285951	
46	0.0284406	
47	0.0282861	
48	0.0281297	
49	0.0279657	
50	0.0277692	
51	0.0275823	
52	0.0273858	
53	0.0271608	
54	0.0269281	
55	0.0266839	
56	0.0264341	
57	0.0261613	
58	0.025879	
59	0.0256044	
60	0.0253049	
61	0.0249807	
62	0.0246373	
63	0.0242864	
64	0.0238954	
65	0.0235292	
66	0.0231611	
67	0.0227796	
68	0.0223695	
69	0.0219442	
70	0.0214921	
71	0.0210267	
72	0.0205537	
73	0.0200368	
74	0.0194875	
75	0.0189515	
76	0.0184156	
77	0.0178701	
78	0.0173208	
79	0.0167848	
80	0.0162698	
81	0.0157167	
82	0.0152131	
83	0.0146733	
84	0.0141926	
85	0.0137711	
86	0.0133553	
87	0.0129243	
88	0.0126362	
89	0.0124379	
90	0.0122929	
91	0.0122796	
92	0.0122624	
93	0.0123463	
94	0.0125065	
95	0.0127488	
96	0.0130463	
97	0.0134011	
98	0.0138188	
99	0.0142804	
100	0.0147496	
101	0.0152474	
102	0.0157605	
103	0.016308	
104	0.0168306	
105	0.0173665	
106	0.0178987	
107	0.0184194	
108	0.0189401	
109	0.0194474	
110	0.019951	
111	0.0203725	
112	0.0208837	
113	0.0212995	
114	0.0217878	
115	0.0221921	
116	0.0225869	
117	0.0229703	
118	0.0233403	
119	0.0237008	
120	0.0240461	
121	0.0242769	
122	0.0246412	
123	0.0249368	
124	0.0252534	
125	0.0255281	
126	0.0257779	
127	0.0260202	
128	0.0262491	
129	0.026476	
130	0.0266896	
131	0.0268785	
132	0.027052	
133	0.0272256	
134	0.0273992	
135	0.0275499	
136	0.0276872	
137	0.0278188	
138	0.0279466	
139	0.0280629	
140	0.0281659	
141	0.0282632	
142	0.0283509	
143	0.0284368	
144	0.0285093	
145	0.0285856	
146	0.0286542	
147	0.0287076	
148	0.0287515	
149	0.0287839	
150	0.0288335	
151	0.0288621	
152	0.0288926	
153	0.0289022	
154	0.028927	
155	0.0289556	
156	0.028967	
157	0.0289689	
158	0.0289899	
159	0.0289937	
160	0.028967	
161	0.0289727	
162	0.0289804	
163	0.0289689	
164	0.0289689	
165	0.028967	
166	0.0289861	
167	0.0289766	
168	0.028967	
169	0.028967	
170	0.0289708	
171	0.0289727	
172	0.0289785	
173	0.0289918	
174	0.0290052	
175	0.0289994	
176	0.029009	
177	0.0290376	
178	0.0290128	
179	0.0290872	
180	0.0291272	
181	0.0291635	
182	0.0291978	