0	0.0233728	
1	0.0233747	
2	0.0233823	
3	0.0233766	
4	0.0233709	
5	0.023369	
6	0.0233632	
7	0.0233632	
8	0.0233594	
9	0.0233613	
10	0.0233575	
11	0.0233556	
12	0.0233518	
13	0.0233461	
14	0.0233423	
15	0.0233365	
16	0.0233308	
17	0.0233251	
18	0.0233175	
19	0.0233079	
20	0.0233003	
21	0.0232812	
22	0.023266	
23	0.023245	
24	0.0232278	
25	0.0232068	
26	0.0231858	
27	0.0231611	
28	0.0231363	
29	0.0231096	
30	0.023079	
31	0.0230466	
32	0.0230123	
33	0.0229741	
34	0.0229322	
35	0.0228826	
36	0.0228311	
37	0.0227796	
38	0.0227224	
39	0.0226575	
40	0.0225908	
41	0.0225221	
42	0.0224496	
43	0.0223752	
44	0.0222951	
45	0.0222074	
46	0.0221158	
47	0.0220186	
48	0.0219136	
49	0.021803	
50	0.0216867	
51	0.0215665	
52	0.0214349	
53	0.0213033	
54	0.0211641	
55	0.0210172	
56	0.0208608	
57	0.0207025	
58	0.0205327	
59	0.0203534	
60	0.0201646	
61	0.019972	
62	0.019766	
63	0.0195447	
64	0.0193101	
65	0.0190603	
66	0.0187989	
67	0.0185186	
68	0.0182248	
69	0.0179178	
70	0.017584	
71	0.0172368	
72	0.0168744	
73	0.0164796	
74	0.0160581	
75	0.0156098	
76	0.0151406	
77	0.014639	
78	0.0141106	
79	0.0135708	
80	0.0130139	
81	0.0124379	
82	0.0118428	
83	0.011242	
84	0.0106373	
85	0.0100499	
86	0.00950438	
87	0.0090161	
88	0.00859648	
89	0.00828558	
90	0.00809294	
91	0.00802809	
92	0.00809485	
93	0.0082894	
94	0.00859839	
95	0.00900465	
96	0.00949675	
97	0.0100423	
98	0.0106145	
99	0.0112134	
100	0.0118237	
101	0.0124303	
102	0.0130177	
103	0.0135861	
104	0.0141411	
105	0.0146714	
106	0.0151826	
107	0.0156575	
108	0.0161	
109	0.0165216	
110	0.0169259	
111	0.0173017	
112	0.017645	
113	0.0179731	
114	0.0182859	
115	0.0185777	
116	0.0188638	
117	0.0191327	
118	0.0193959	
119	0.0196458	
120	0.0198976	
121	0.0201246	
122	0.0203096	
123	0.0205041	
124	0.0206834	
125	0.0208551	
126	0.0210153	
127	0.0211717	
128	0.0213186	
129	0.0214559	
130	0.0215875	
131	0.0217172	
132	0.0218354	
133	0.0219461	
134	0.0220567	
135	0.022154	
136	0.0222474	
137	0.0223294	
138	0.0224115	
139	0.0224859	
140	0.0225583	
141	0.0226213	
142	0.0226842	
143	0.0227529	
144	0.0228139	
145	0.0228616	
146	0.0229017	
147	0.0229455	
148	0.0229837	
149	0.0230199	
150	0.0230542	
151	0.0230886	
152	0.0231172	
153	0.0231458	
154	0.0231706	
155	0.0231858	
156	0.0232011	
157	0.0232106	
158	0.023224	
159	0.0232373	
160	0.023245	
161	0.0232545	
162	0.0232641	
163	0.023266	
164	0.0232679	
165	0.0232736	
166	0.0232774	
167	0.0232774	
168	0.0232812	
169	0.023285	
170	0.0232908	
171	0.0232908	
172	0.0232908	
173	0.0232946	
174	0.0232927	
175	0.0232965	
176	0.0232927	
177	0.0232965	
178	0.0233003	
179	0.0232984	
180	0.0232965	
181	0.0232984	
182	0.0232984	
183	0.0232984	
184	0.0232908	
185	0.0232888	
186	0.0232869	
187	0.0232831	
188	0.0232831	
189	0.0232869	
190	0.0232812	
191	0.0232831	
192	0.0232812	
193	0.0232774	
194	0.0232717	
195	0.0232641	
196	0.0232583	
197	0.0232488	
198	0.0232373	
199	0.0232297	
200	0.0232221	
201	0.0232106	
202	0.0231973	
203	0.0231839	
204	0.0231725	
205	0.0231477	
206	0.0231267	
207	0.0231	
208	0.0230771	
209	0.0230466	
210	0.0230142	
211	0.0229818	
212	0.0229474	
213	0.0229074	
214	0.0228673	
215	0.0228273	
216	0.0227834	
217	0.0227319	
218	0.0226785	
219	0.0226213	
220	0.0225602	
221	0.0224935	
222	0.0224172	
223	0.022339	
224	0.022257	
225	0.0221711	
226	0.0220777	
227	0.0219823	
228	0.0218755	
229	0.0217859	
230	0.0216695	
231	0.0215284	
232	0.0213891	
233	0.0212499	
234	0.0211087	
235	0.0209581	
236	0.0208055	
237	0.0206472	
238	0.0204793	
239	0.0203058	
240	0.0201226	
241	0.0199281	
242	0.019724	
243	0.0195085	
244	0.0192853	
245	0.0190507	
246	0.0188009	
247	0.0185376	
248	0.0182611	
249	0.0179693	
250	0.0176641	
251	0.0173265	
252	0.0169774	
253	0.0166093	
254	0.0162145	
255	0.0158063	
256	0.0153866	
257	0.0149403	
258	0.0144692	
259	0.0139771	
260	0.0134812	
261	0.0129719	
262	0.0124608	
263	0.0119515	
264	0.0114594	
265	0.0109864	
266	0.0105572	
267	0.0101796	
268	0.00987059	
269	0.00964552	
270	0.00950629	
271	0.00947005	
272	0.00953299	
273	0.00969702	
274	0.00994688	
275	0.0102769	
276	0.0106736	
277	0.0111161	
278	0.011591	
279	0.0120888	
280	0.0125962	
281	0.0131093	
282	0.0136185	
283	0.0141125	
284	0.0145932	
285	0.0150605	
286	0.0155087	
287	0.0159379	
288	0.0163442	
289	0.0167314	
290	0.0171014	
291	0.0174485	
292	0.0177804	
293	0.0180894	
294	0.0183851	
295	0.0186635	
296	0.018921	
297	0.0191709	
298	0.0194017	
299	0.019621	
300	0.0198308	
301	0.0200292	
302	0.0202123	
303	0.0203954	
304	0.0205709	
305	0.0207387	
306	0.0209008	
307	0.0210572	
308	0.0212041	
309	0.0213414	
310	0.0214692	
311	0.021597	
312	0.0217191	
313	0.0218335	
314	0.0219346	
315	0.0220395	
316	0.0221387	
317	0.0222417	
318	0.0223314	
319	0.0224153	
320	0.0224916	
321	0.022566	
322	0.0226365	
323	0.0226976	
324	0.0227567	
325	0.022812	
326	0.0228616	
327	0.0229074	
328	0.0229532	
329	0.0229894	
330	0.0230275	
331	0.0230542	
332	0.023079	
333	0.0231057	
334	0.0231267	
335	0.0231477	
336	0.0231668	
337	0.0231858	
338	0.0231992	
339	0.0232106	
340	0.0232202	
341	0.0232259	
342	0.023224	
343	0.0232164	
344	0.0232126	
345	0.0232106	
346	0.0232145	
347	0.0232183	
348	0.023224	
349	0.023224	
350	0.023224	
351	0.0232202	
352	0.0232106	
353	0.0232068	
354	0.0231954	
355	0.0231897	
356	0.0231916	
357	0.0231954	
358	0.0231935	
359	0.0231935	
360	0.0231973	