0	0.0225145	
1	0.0225106	
2	0.0224363	
3	0.0224057	
4	0.0223981	
5	0.0223924	
6	0.0223809	
7	0.0223695	
8	0.0223619	
9	0.0223542	
10	0.022339	
11	0.0223275	
12	0.022318	
13	0.0223027	
14	0.0222894	
15	0.0222741	
16	0.0222608	
17	0.0222417	
18	0.0222303	
19	0.0222093	
20	0.0221921	
21	0.0221711	
22	0.022154	
23	0.0221349	
24	0.0221177	
25	0.0220929	
26	0.0220701	
27	0.0220491	
28	0.0220224	
29	0.0219899	
30	0.0219575	
31	0.0219251	
32	0.0218889	
33	0.0218469	
34	0.021803	
35	0.021763	
36	0.0217134	
37	0.0216657	
38	0.0216123	
39	0.0215589	
40	0.0214978	
41	0.0214292	
42	0.0213624	
43	0.0213052	
44	0.0212308	
45	0.021145	
46	0.0210592	
47	0.0209676	
48	0.0208722	
49	0.0207597	
50	0.0206491	
51	0.020527	
52	0.0204011	
53	0.0202752	
54	0.020136	
55	0.0199949	
56	0.0198499	
57	0.0196935	
58	0.0195256	
59	0.0193521	
60	0.0191652	
61	0.0189592	
62	0.0187532	
63	0.0185395	
64	0.0183107	
65	0.0180627	
66	0.0177976	
67	0.017521	
68	0.0172292	
69	0.0169259	
70	0.0165979	
71	0.0162488	
72	0.0158826	
73	0.0154744	
74	0.0150567	
75	0.0146142	
76	0.0141526	
77	0.0136567	
78	0.0131379	
79	0.0125924	
80	0.0120297	
81	0.0114461	
82	0.0108357	
83	0.0102196	
84	0.00959784	
85	0.00897795	
86	0.00838095	
87	0.00781637	
88	0.00731662	
89	0.00690845	
90	0.00658801	
91	0.00637439	
92	0.00629428	
93	0.00635532	
94	0.00653651	
95	0.00685313	
96	0.00726131	
97	0.00774959	
98	0.00830466	
99	0.00890547	
100	0.0095368	
101	0.0101739	
102	0.0108147	
103	0.0114461	
104	0.0120545	
105	0.0126477	
106	0.0132046	
107	0.0137387	
108	0.014246	
109	0.0147286	
110	0.0151806	
111	0.0156098	
112	0.0160047	
113	0.0163862	
114	0.0167447	
115	0.0170728	
116	0.0173875	
117	0.0176793	
118	0.0179559	
119	0.0182172	
120	0.0184652	
121	0.0187131	
122	0.0189668	
123	0.0191423	
124	0.0193235	
125	0.0195047	
126	0.019682	
127	0.0198442	
128	0.0200082	
129	0.0201551	
130	0.0203134	
131	0.0204622	
132	0.0205842	
133	0.0207044	
134	0.020815	
135	0.0209199	
136	0.0210229	
137	0.021124	
138	0.0212098	
139	0.021288	
140	0.0213586	
141	0.0214254	
142	0.0214883	
143	0.0215398	
144	0.0215989	
145	0.0216676	
146	0.0217286	
147	0.0217801	
148	0.021824	
149	0.0218698	
150	0.0218984	
151	0.0219632	
152	0.0219785	
153	0.0220033	
154	0.0220376	
155	0.0220701	
156	0.0220929	
157	0.0221215	
158	0.0221444	
159	0.0221673	
160	0.022194	
161	0.0222074	
162	0.0222188	
163	0.0222284	
164	0.022236	
165	0.0222303	
166	0.0222379	
167	0.0222493	
168	0.0222551	
169	0.0222322	
170	0.0222341	
171	0.0222341	
172	0.0222379	
173	0.0222379	
174	0.022236	
175	0.0222379	
176	0.0222341	
177	0.0222245	
178	0.022215	
179	0.0222074	
180	0.0222036	
181	0.0221978	
182	0.022194	
183	0.0221902	
184	0.0221864	
185	0.0221826	
186	0.0221788	
187	0.0221692	
188	0.0221616	
189	0.0221502	
190	0.0221502	
191	0.0221425	
192	0.0221368	
193	0.0221254	
194	0.0221158	
195	0.0221044	
196	0.0221006	
197	0.0220853	
198	0.0220624	
199	0.0220453	
200	0.0220281	
201	0.022009	
202	0.0219842	
203	0.0219461	
204	0.0219251	
205	0.0218946	
206	0.0218641	
207	0.0218221	
208	0.0217897	
209	0.0217572	
210	0.0217229	
211	0.0216848	
212	0.0216428	
213	0.0215989	
214	0.0215532	
215	0.0215055	
216	0.0214635	
217	0.021412	
218	0.0213586	
219	0.0213014	
220	0.0212423	
221	0.0211793	
222	0.0211126	
223	0.0210401	
224	0.0209676	
225	0.0208913	
226	0.0208074	
227	0.0207158	
228	0.0206167	
229	0.0205098	
230	0.0203992	
231	0.020281	
232	0.0201608	
233	0.0200368	
234	0.0199071	
235	0.0197603	
236	0.0196115	
237	0.0194551	
238	0.0192891	
239	0.0191156	
240	0.0189325	
241	0.018736	
242	0.01853	
243	0.0183126	
244	0.0180856	
245	0.0178415	
246	0.0175782	
247	0.0173074	
248	0.0170175	
249	0.0167047	
250	0.0163804	
251	0.0160676	
252	0.0157033	
253	0.0153161	
254	0.0149098	
255	0.0144845	
256	0.0140553	
257	0.0136357	
258	0.0131341	
259	0.0126172	
260	0.0120946	
261	0.0115662	
262	0.0110245	
263	0.0104867	
264	0.00994688	
265	0.00942427	
266	0.00892454	
267	0.00846297	
268	0.00806624	
269	0.00774577	
270	0.00750354	
271	0.00736621	
272	0.00732616	
273	0.00739291	
274	0.00754169	
275	0.00779727	
276	0.00813872	
277	0.00855261	
278	0.0090161	
279	0.00951773	
280	0.010048	
281	0.0105916	
282	0.0111447	
283	0.0116978	
284	0.0122395	
285	0.0127774	
286	0.0132905	
287	0.0138112	
288	0.01433	
289	0.0147915	
290	0.015236	
291	0.0156976	
292	0.0160161	
293	0.0163575	
294	0.0166703	
295	0.0169793	
296	0.0172845	
297	0.0175763	
298	0.0178415	
299	0.0180932	
300	0.0183393	
301	0.0185682	
302	0.0187894	
303	0.0189992	
304	0.01919	
305	0.0193807	
306	0.0195485	
307	0.0197088	
308	0.019869	
309	0.0200292	
310	0.0201646	
311	0.0203038	
312	0.0204335	
313	0.0205442	
314	0.0206891	
315	0.0207769	
316	0.0208875	
317	0.0209676	
318	0.0210534	
319	0.0211545	
320	0.0212575	
321	0.0213453	
322	0.0214235	
323	0.0214978	
324	0.0215665	
325	0.0216409	
326	0.021679	
327	0.0217401	
328	0.0217954	
329	0.0218869	
330	0.0218908	
331	0.0219327	
332	0.0219785	
333	0.0220109	
334	0.0220262	
335	0.0220491	
336	0.0220758	
337	0.0221025	
338	0.0221254	
339	0.0221425	
340	0.0221559	
341	0.0221711	
342	0.0221826	
343	0.022194	
344	0.0221997	
345	0.0222093	
346	0.0222112	
347	0.0222188	
348	0.0222207	
349	0.0222226	
350	0.0222226	
351	0.0222226	
352	0.0222226	
353	0.0222207	
354	0.0222226	
355	0.0222226	
356	0.0222207	
357	0.0222207	
358	0.0222207	
359	0.0222265	
360	0.0222398	