0	0.0222741	
2	0.0222322	
4	0.0221788	
6	0.0221368	
8	0.0220529	
10	0.0219709	
12	0.0218774	
14	0.0217744	
16	0.0216542	
18	0.0215245	
20	0.0213834	
22	0.0212232	
24	0.0210458	
26	0.0208665	
28	0.0206758	
30	0.0204774	
32	0.0202142	
34	0.0199929	
36	0.019766	
38	0.0195161	
40	0.0192567	
42	0.0189725	
44	0.0186979	
46	0.018345	
48	0.0179845	
50	0.0176202	
52	0.0172521	
54	0.0168573	
56	0.016409	
58	0.0159208	
60	0.0153885	
62	0.0147973	
64	0.0141831	
66	0.0135136	
68	0.0127831	
70	0.0119877	
72	0.0111809	
74	0.0102578	
76	0.00922209	
78	0.00811583	
80	0.00694278	
82	0.00569728	
84	0.00442126	
86	0.00315858	
88	0.00201418	
90	0.0010891	
92	0.000501636	
94	0.000360491	
96	0.000684742	
98	0.00143815	
100	0.00253297	
102	0.00387765	
104	0.00531963	
106	0.00677684	
108	0.00818831	
110	0.00951773	
112	0.0107461	
114	0.0118695	
116	0.0128785	
118	0.0137673	
120	0.0145989	
122	0.0154153	
124	0.0161287	
126	0.0167619	
128	0.0173398	
130	0.0178415	
132	0.0183049	
134	0.018736	
136	0.0191652	
138	0.0194837	
140	0.0198213	
142	0.0201494	
144	0.0204355	
146	0.0206624	
148	0.0208856	
150	0.0210916	
152	0.0212766	
154	0.0214196	
156	0.0215665	
158	0.0216981	
160	0.0218221	
162	0.0219213	
164	0.0220128	
166	0.022091	
168	0.022154	
170	0.0221978	
172	0.0222303	
174	0.0222436	
176	0.0222474	
178	0.0222417	
180	0.0222265	