0	0.0230314	
1	0.0230314	
2	0.0230275	
3	0.0230333	
4	0.023039	
5	0.023039	
6	0.0230275	
7	0.0230294	
8	0.0230333	
9	0.0230333	
10	0.0230314	
11	0.023039	
12	0.0230409	
13	0.0230428	
14	0.0230371	
15	0.0230275	
16	0.0230237	
17	0.0230161	
18	0.0230085	
19	0.0229951	
20	0.0229837	
21	0.0229703	
22	0.022957	
23	0.0229379	
24	0.0229207	
25	0.0228978	
26	0.022873	
27	0.0228482	
28	0.022812	
29	0.0227777	
30	0.0227472	
31	0.0227109	
32	0.0226709	
33	0.022627	
34	0.0225755	
35	0.0225278	
36	0.0224782	
37	0.0224305	
38	0.0223733	
39	0.0223161	
40	0.0222532	
41	0.0221883	
42	0.0221158	
43	0.0220395	
44	0.0219709	
45	0.0218812	
46	0.0217839	
47	0.0216867	
48	0.0215837	
49	0.0214788	
50	0.0213643	
51	0.0212442	
52	0.0211221	
53	0.0209981	
54	0.0208608	
55	0.0207044	
56	0.0205461	
57	0.0203801	
58	0.0202085	
59	0.0200158	
60	0.0198175	
61	0.0196115	
62	0.0193998	
63	0.0191766	
64	0.0189363	
65	0.0186807	
66	0.018406	
67	0.0181199	
68	0.017809	
69	0.017481	
70	0.0171338	
71	0.0167657	
72	0.0163804	
73	0.0159665	
74	0.0155278	
75	0.0150643	
76	0.014576	
77	0.0140572	
78	0.0135251	
79	0.0129681	
80	0.0123883	
81	0.0117989	
82	0.0112076	
83	0.0106106	
84	0.0100155	
85	0.00945288	
86	0.0089398	
87	0.00849348	
88	0.0081349	
89	0.00787741	
90	0.00773624	
91	0.00773051	
92	0.00784308	
93	0.00807768	
94	0.00840956	
95	0.00882918	
96	0.00932318	
97	0.00986296	
98	0.0104294	
99	0.011015	
100	0.0116063	
101	0.0121995	
102	0.0127774	
103	0.0133439	
104	0.0138875	
105	0.0144101	
106	0.0149136	
107	0.0154191	
108	0.0159093	
109	0.0163251	
110	0.0167238	
111	0.0170919	
112	0.017439	
113	0.0177633	
114	0.0180761	
115	0.0183679	
116	0.0186406	
117	0.0188943	
118	0.0191365	
119	0.0193692	
120	0.0195905	
121	0.0198156	
122	0.0200044	
123	0.0201932	
124	0.0203706	
125	0.0205346	
126	0.0206891	
127	0.0208417	
128	0.0209848	
129	0.0211164	
130	0.0212404	
131	0.0213548	
132	0.0214711	
133	0.021576	
134	0.0216771	
135	0.0217668	
136	0.0218564	
137	0.0219423	
138	0.0220224	
139	0.0220968	
140	0.0221711	
141	0.0222417	
142	0.0223085	
143	0.0223676	
144	0.0224191	
145	0.0224725	
146	0.0225126	
147	0.0225488	
148	0.0225793	
149	0.0226079	
150	0.0226308	
151	0.0226518	
152	0.0226823	
153	0.0226232	
154	0.0226308	
155	0.0226461	
156	0.0226709	
157	0.0226957	
158	0.0227243	
159	0.0227491	
160	0.022772	
161	0.0227968	
162	0.0228158	
163	0.0228292	
164	0.0228387	
165	0.0228482	
166	0.0228559	
167	0.0228654	
168	0.0228711	
169	0.022875	
170	0.0228807	
171	0.022894	
172	0.0229074	
173	0.0229207	
174	0.0229341	
175	0.0229493	
176	0.0229608	
177	0.0229722	
178	0.0229856	
179	0.0229989	
180	0.0230142	
181	0.0230237	
182	0.0230275	
183	0.0230333	
184	0.0230371	
185	0.0230409	
186	0.0230447	
187	0.0230466	
188	0.0230485	
189	0.0230542	
190	0.0230581	
191	0.0230619	
192	0.02306	
193	0.0230638	
194	0.0230619	
195	0.0230581	
196	0.0230561	
197	0.0230523	
198	0.0230485	
199	0.0230409	
200	0.0230352	
201	0.0230199	
202	0.0230085	
203	0.0229932	
204	0.0229741	
205	0.022957	
206	0.0229341	
207	0.0229055	
208	0.0228769	
209	0.0228425	
210	0.0228044	
211	0.0227643	
212	0.0227224	
213	0.0226842	
214	0.0226403	
215	0.0225888	
216	0.0225278	
217	0.0224706	
218	0.0224057	
219	0.0223409	
220	0.0222837	
221	0.0222112	
222	0.0221158	
223	0.0220281	
224	0.0219384	
225	0.0218393	
226	0.0217439	
227	0.0216466	
228	0.0215436	
229	0.0214311	
230	0.0213224	
231	0.021206	
232	0.0210782	
233	0.0209428	
234	0.0207978	
235	0.0206491	
236	0.0204908	
237	0.0203191	
238	0.0201436	
239	0.0199624	
240	0.0197736	
241	0.0195791	
242	0.0193788	
243	0.0191671	
244	0.0189363	
245	0.0186979	
246	0.0184442	
247	0.0181752	
248	0.0178815	
249	0.0175744	
250	0.0172406	
251	0.0168916	
252	0.0165273	
253	0.0161439	
254	0.0157377	
255	0.0153046	
256	0.0148602	
257	0.0143986	
258	0.0139142	
259	0.0134163	
260	0.0129071	
261	0.0123902	
262	0.0118771	
263	0.0113717	
264	0.0108834	
265	0.0104237	
266	0.0100079	
267	0.00965124	
268	0.00936705	
269	0.00918204	
270	0.00909048	
271	0.0090943	
272	0.00920302	
273	0.00941283	
274	0.00970465	
275	0.0100709	
276	0.0104924	
277	0.010954	
278	0.0114461	
279	0.0119553	
280	0.0124703	
281	0.0129796	
282	0.0134888	
283	0.0139866	
284	0.0144864	
285	0.0149708	
286	0.0154153	
287	0.0158349	
288	0.0162355	
289	0.0166093	
290	0.016966	
291	0.0173131	
292	0.0176336	
293	0.0179311	
294	0.0182153	
295	0.018488	
296	0.0187455	
297	0.0189859	
298	0.0192205	
299	0.0194379	
300	0.0196458	
301	0.0198442	
302	0.0200311	
303	0.0202142	
304	0.0203859	
305	0.0205461	
306	0.0207025	
307	0.0208493	
308	0.0209867	
309	0.0211221	
310	0.0212461	
311	0.0213681	
312	0.0214883	
313	0.021578	
314	0.0216695	
315	0.0217687	
316	0.0218621	
317	0.0219842	
318	0.0220605	
319	0.0221425	
320	0.0222207	
321	0.0222875	
322	0.0223542	
323	0.0224172	
324	0.0224725	
325	0.0225259	
326	0.0225736	
327	0.0226251	
328	0.0226442	
329	0.0226747	
330	0.022709	
331	0.0227472	
332	0.0228025	
333	0.0228292	
334	0.0228425	
335	0.0228463	
336	0.0228673	
337	0.0228902	
338	0.0229055	
339	0.0229417	
340	0.0229512	
341	0.0229322	
342	0.022936	
343	0.0229341	
344	0.0229303	
345	0.0229474	
346	0.0229322	
347	0.0229188	
348	0.0229131	
349	0.0229036	
350	0.0228921	
351	0.0228788	
352	0.0228673	
353	0.0228578	
354	0.0228635	
355	0.0228635	
356	0.0228635	
357	0.0228654	
358	0.0228597	
359	0.0228578	
360	0.0228578	