0	0.01993	
1	0.0199605	
2	0.0199147	
3	0.0197927	
4	0.019621	
5	0.0195791	
6	0.0195657	
7	0.0195428	
8	0.0195237	
9	0.0195104	
10	0.0195047	
11	0.0194913	
12	0.0194932	
13	0.019621	
14	0.019703	
15	0.0197297	
16	0.019703	
17	0.0196038	
18	0.0194494	
19	0.019312	
20	0.0192777	
21	0.0192453	
22	0.0192128	
23	0.0191728	
24	0.0191461	
25	0.0191327	
26	0.0191079	
27	0.0190812	
28	0.0191671	
29	0.0192319	
30	0.0192415	
31	0.0191976	
32	0.0191022	
33	0.0189553	
34	0.018757	
35	0.0186292	
36	0.0185567	
37	0.0184919	
38	0.0184098	
39	0.0183259	
40	0.0182477	
41	0.0181657	
42	0.0180875	
43	0.017996	
44	0.0179616	
45	0.0179845	
46	0.0179635	
47	0.017891	
48	0.0177709	
49	0.0175992	
50	0.017378	
51	0.017109	
52	0.0168687	
53	0.0167009	
54	0.016533	
55	0.0163537	
56	0.0161611	
57	0.0159646	
58	0.0157644	
59	0.0155621	
60	0.015337	
61	0.0151063	
62	0.014906	
63	0.0147839	
64	0.0146027	
65	0.0143738	
66	0.0140896	
67	0.0137482	
68	0.0133553	
69	0.0129014	
70	0.012394	
71	0.0119229	
72	0.0115147	
73	0.0110875	
74	0.0106393	
75	0.0101662	
76	0.00968176	
77	0.00918394	
78	0.00867468	
79	0.00815588	
80	0.00763133	
81	0.007103	
82	0.00658992	
83	0.00614551	
84	0.00568965	
85	0.00522235	
86	0.00476459	
87	0.00434688	
88	0.0039368	
89	0.00356294	
90	0.00325967	
91	0.00304224	
92	0.0029297	
93	0.00295068	
94	0.00306512	
95	0.00326921	
96	0.0035515	
97	0.00389864	
98	0.00430492	
99	0.00477222	
100	0.00527766	
101	0.00581554	
102	0.0063763	
103	0.00694659	
104	0.00752071	
105	0.00817305	
106	0.00883299	
107	0.00945479	
108	0.0100327	
109	0.0105725	
110	0.0110779	
111	0.0115262	
112	0.0119229	
113	0.0122815	
114	0.0125962	
115	0.0129109	
116	0.0132561	
117	0.0136262	
118	0.0139046	
119	0.0142193	
120	0.0145169	
121	0.0148049	
122	0.0150872	
123	0.015358	
124	0.0156155	
125	0.0158578	
126	0.0160905	
127	0.0163118	
128	0.0165273	
129	0.016739	
130	0.0170079	
131	0.0172673	
132	0.0174943	
133	0.0177003	
134	0.0178758	
135	0.0180246	
136	0.0181543	
137	0.0182668	
138	0.0184156	
139	0.0184213	
140	0.0184118	
141	0.0183946	
142	0.0184499	
143	0.01853	
144	0.018612	
145	0.0186902	
146	0.0187646	
147	0.0188333	
148	0.0188962	
149	0.0189553	
150	0.0190126	
151	0.0190679	
152	0.0191156	
153	0.0191633	
154	0.019209	
155	0.0192529	
156	0.019293	
157	0.0193311	
158	0.0193673	
159	0.0194513	
160	0.0195466	
161	0.0196306	
162	0.0196992	
163	0.0197545	
164	0.0197965	
165	0.0198232	
166	0.0198518	
167	0.0198594	
168	0.0198556	
169	0.0198308	
170	0.0198003	
171	0.0197183	
172	0.0196439	
173	0.0195848	
174	0.0196134	
175	0.0195714	
176	0.0196325	
177	0.0195619	
178	0.0195638	
179	0.0195581	
180	0.0195581	
181	0.0195466	
182	0.0195409	
183	0.0195276	
184	0.0194989	
185	0.0194875	
186	0.0194761	
187	0.0194627	
188	0.0194532	
189	0.0194436	
190	0.0194265	
191	0.0194036	
192	0.0194055	
193	0.0194494	
194	0.0194913	
195	0.0195199	
196	0.0195409	
197	0.0195485	
198	0.0195428	
199	0.0195314	
200	0.0195066	
201	0.0194665	
202	0.0194169	
203	0.0193559	
204	0.0192796	
205	0.0191938	
206	0.0190965	
207	0.0189897	
208	0.0189077	
209	0.0188562	
210	0.0188085	
211	0.0187589	
212	0.0187074	
213	0.0186502	
214	0.018591	
215	0.0185243	
216	0.0184575	
217	0.018387	
218	0.0183126	
219	0.0182382	
220	0.0181581	
221	0.0180742	
222	0.0179845	
223	0.0178987	
224	0.0178128	
225	0.0177041	
226	0.0175954	
227	0.0174829	
228	0.0173703	
229	0.017254	
230	0.0171796	
231	0.01709	
232	0.0169927	
233	0.0168782	
234	0.0167485	
235	0.0165998	
236	0.0164338	
237	0.0162526	
238	0.0160543	
239	0.0158387	
240	0.0156003	
241	0.0153447	
242	0.0150719	
243	0.0147706	
244	0.0144539	
245	0.0141144	
246	0.0137444	
247	0.0133591	
248	0.0129662	
249	0.0126	
250	0.0122185	
251	0.0118275	
252	0.0114213	
253	0.0109978	
254	0.0105496	
255	0.0100766	
256	0.00959784	
257	0.00910574	
258	0.00859076	
259	0.00807196	
260	0.00754932	
261	0.00702289	
262	0.00650409	
263	0.00599292	
264	0.00550082	
265	0.00502017	
266	0.00456622	
267	0.00412753	
268	0.00376894	
269	0.00347902	
270	0.0032654	
271	0.00313188	
272	0.00308992	
273	0.00315858	
274	0.00331689	
275	0.00355531	
276	0.00387575	
277	0.00426105	
278	0.00469974	
279	0.00517657	
280	0.00569156	
281	0.00623134	
282	0.00679019	
283	0.0073643	
284	0.00791556	
285	0.00845915	
286	0.00898558	
287	0.00947958	
288	0.00996786	
289	0.0104275	
290	0.0108662	
291	0.0112744	
292	0.0116578	
293	0.0120259	
294	0.0124169	
295	0.0127965	
296	0.0131646	
297	0.0135117	
298	0.0138436	
299	0.0141621	
300	0.0144692	
301	0.014761	
302	0.0150414	
303	0.0153027	
304	0.015545	
305	0.0157815	
306	0.0160161	
307	0.0162393	
308	0.016451	
309	0.0166456	
310	0.0168287	
311	0.017006	
312	0.0171777	
313	0.0173455	
314	0.0174962	
315	0.0176431	
316	0.0177861	
317	0.0179197	
318	0.0180494	
319	0.0181676	
320	0.0182859	
321	0.0183927	
322	0.0184976	
323	0.0186025	
324	0.018694	
325	0.018818	
326	0.0189382	
327	0.0190526	
328	0.0191575	
329	0.019251	
330	0.0193406	
331	0.019415	
332	0.0194875	
333	0.0195485	
334	0.0196038	
335	0.0196534	
336	0.0196954	
337	0.0197297	
338	0.0197603	
339	0.0197793	
340	0.0197927	
341	0.0197984	
342	0.0197965	
343	0.0197927	
344	0.0197793	
345	0.0197622	
346	0.0197393	
347	0.0197107	
348	0.0196763	
349	0.0196458	
350	0.0196458	
351	0.0196534	
352	0.0196553	
353	0.0196573	
354	0.0196553	
355	0.0196515	
356	0.0196458	
357	0.0196325	
358	0.019621	
359	0.0196038	
360	0.0195905	