0	0.0292856	
1	0.0292455	
2	0.0292379	
3	0.0291806	
4	0.0291559	
5	0.0291501	
6	0.0291444	
7	0.0291272	
8	0.0291215	
9	0.0290891	
10	0.02907	
11	0.0290338	
12	0.0290071	
13	0.0289747	
14	0.0289232	
15	0.0288621	
16	0.0287572	
17	0.0286847	
18	0.0286065	
19	0.0285226	
20	0.0284272	
21	0.0283242	
22	0.028246	
23	0.028143	
24	0.0280305	
25	0.0279046	
26	0.0277616	
27	0.0276395	
28	0.0275003	
29	0.0273591	
30	0.0271989	
31	0.0270349	
32	0.0268613	
33	0.0266973	
34	0.0265466	
35	0.0263597	
36	0.0261537	
37	0.0258905	
38	0.0256826	
39	0.0254651	
40	0.0252324	
41	0.0249864	
42	0.0247384	
43	0.024479	
44	0.024212	
45	0.0239373	
46	0.023657	
47	0.0233651	
48	0.0230581	
49	0.0227567	
50	0.0224496	
51	0.0221101	
52	0.0217534	
53	0.0213834	
54	0.0210038	
55	0.0206033	
56	0.0201932	
57	0.0197679	
58	0.0192739	
59	0.0188276	
60	0.0183583	
61	0.0178701	
62	0.0173608	
63	0.0168439	
64	0.0163156	
65	0.0157682	
66	0.0151921	
67	0.0145989	
68	0.0139828	
69	0.0133668	
70	0.0127144	
71	0.0120545	
72	0.0113755	
73	0.0106774	
74	0.00993925	
75	0.00920683	
76	0.00846297	
77	0.00770763	
78	0.00693706	
79	0.00616077	
80	0.00539783	
81	0.00464061	
82	0.00389864	
83	0.00319673	
84	0.00254251	
85	0.00193787	
86	0.00139237	
87	0.000926975	
88	0.000558857	
89	0.000299456	
90	0.000148774	
91	0.000120163	
92	0.000205995	
93	0.000408174	
94	0.000715259	
95	0.00111581	
96	0.00159837	
97	0.0021515	
98	0.00276376	
99	0.00341798	
100	0.00408939	
101	0.00483707	
102	0.00559428	
103	0.00635341	
104	0.00711444	
105	0.00786787	
106	0.00862128	
107	0.00936133	
108	0.010067	
109	0.0107747	
110	0.0114594	
111	0.0121194	
112	0.0127526	
113	0.0133267	
114	0.0139428	
115	0.014536	
116	0.0150891	
117	0.0156327	
118	0.0161306	
119	0.0166703	
120	0.0171777	
121	0.0176717	
122	0.0181352	
123	0.018551	
124	0.0190088	
125	0.0193902	
126	0.0197622	
127	0.0201894	
128	0.0205804	
129	0.0209714	
130	0.0213567	
131	0.0217191	
132	0.0220815	
133	0.0224286	
134	0.022709	
135	0.0230142	
136	0.0233079	
137	0.0235864	
138	0.0238668	
139	0.0241548	
140	0.0244256	
141	0.0246717	
142	0.0248834	
143	0.0251123	
144	0.0253278	
145	0.0255815	
146	0.0257875	
147	0.0259839	
148	0.0261728	
149	0.0263253	
150	0.0264837	
151	0.0266534	
152	0.0268556	
153	0.0269986	
154	0.0271798	
155	0.0272924	
156	0.027424	
157	0.0275537	
158	0.0276662	
159	0.0277768	
160	0.0278913	
161	0.028	
162	0.028103	
163	0.0282155	
164	0.0283147	
165	0.0284044	
166	0.0284883	
167	0.0285589	
168	0.028639	
169	0.028742	
170	0.0287801	
171	0.0288602	
172	0.0289479	
173	0.0289899	
174	0.0290357	
175	0.0290853	
176	0.029091	
177	0.0291044	
178	0.0291311	
179	0.0291482	
180	0.0291597	
181	0.0291673	
182	0.029173	
183	0.0291692	
184	0.0291654	
185	0.029152	
186	0.0291349	
187	0.0291139	
188	0.0290834	
189	0.0290529	
190	0.029009	
191	0.0289537	
192	0.0289098	
193	0.0288545	
194	0.0287706	
195	0.0286981	
196	0.0286142	
197	0.0285264	
198	0.0284368	
199	0.0283414	
200	0.0282384	
201	0.028124	
202	0.0280114	
203	0.0278798	
204	0.0277539	
205	0.0276109	
206	0.0274659	
207	0.0273095	
208	0.027155	
209	0.0269681	
210	0.0268098	
211	0.0266782	
212	0.0265123	
213	0.0263349	
214	0.0261441	
215	0.0259496	
216	0.0257474	
217	0.0255338	
218	0.0253068	
219	0.0250818	
220	0.0248452	
221	0.0246106	
222	0.0243741	
223	0.0240995	
224	0.0238248	
225	0.023554	
226	0.0232698	
227	0.0229379	
228	0.0226747	
229	0.02236	
230	0.0220433	
231	0.0216943	
232	0.0213357	
233	0.0209771	
234	0.0205861	
235	0.0201837	
236	0.019787	
237	0.0193597	
238	0.0189267	
239	0.0184823	
240	0.0180265	
241	0.0175458	
242	0.0170442	
243	0.0165216	
244	0.0159875	
245	0.0154324	
246	0.0148659	
247	0.0142861	
248	0.0136891	
249	0.0130711	
250	0.0124245	
251	0.0117703	
252	0.0111027	
253	0.0104123	
254	0.00969702	
255	0.00896651	
256	0.00822455	
257	0.00747874	
258	0.00673297	
259	0.00597957	
260	0.00522998	
261	0.00449374	
262	0.00378038	
263	0.00309946	
264	0.00245096	
265	0.00185204	
266	0.00131799	
267	0.000860218	
268	0.000497822	
269	0.00023842	
270	9.72752E-5	
271	6.8665E-5	
272	0.000158311	
273	0.000364305	
274	0.000680927	
275	0.00108147	
276	0.00156976	
277	0.00213052	
278	0.00275041	
279	0.00341417	
280	0.0040932	
281	0.00481227	
282	0.00554851	
283	0.00628284	
284	0.00702289	
285	0.00777248	
286	0.00851637	
287	0.00923735	
288	0.00998122	
289	0.0106869	
290	0.0113679	
291	0.0120297	
292	0.0126687	
293	0.0132847	
294	0.0138627	
295	0.0144196	
296	0.014988	
297	0.0155163	
298	0.0160505	
299	0.0165311	
300	0.0170175	
301	0.0174943	
302	0.0180227	
303	0.0184156	
304	0.0189058	
305	0.0193216	
306	0.0197297	
307	0.0201112	
308	0.020485	
309	0.0208455	
310	0.0211965	
311	0.0215417	
312	0.0218679	
313	0.0221788	
314	0.0224878	
315	0.0227681	
316	0.0230542	
317	0.0233423	
318	0.0236303	
319	0.023903	
320	0.0241567	
321	0.0244104	
322	0.0246412	
323	0.0248109	
324	0.0250341	
325	0.025261	
326	0.0254728	
327	0.025755	
328	0.0259668	
329	0.0261689	
330	0.0263444	
331	0.0265275	
332	0.026703	
333	0.0268651	
334	0.0270234	
335	0.0271817	
336	0.0273534	
337	0.0275422	
338	0.0275975	
339	0.0277272	
340	0.0278455	
341	0.0279638	
342	0.0280591	
343	0.0281621	
344	0.0282518	
345	0.0283357	
346	0.0284177	
347	0.0284959	
348	0.0285722	
349	0.028639	
350	0.0287038	
351	0.0287553	
352	0.0288011	
353	0.0288316	
354	0.0288545	
355	0.028864	
356	0.0288488	
357	0.0289022	
358	0.0289346	
359	0.0289575	
360	0.0289346	