0	0.0179464	
1	0.0179502	
2	0.0179559	
3	0.0179673	
4	0.0179864	
5	0.018015	
6	0.018036	
7	0.0180646	
8	0.0180913	
9	0.0181257	
10	0.0181581	
11	0.0181943	
12	0.0182325	
13	0.0182763	
14	0.0183088	
15	0.0183583	
16	0.0184022	
17	0.0184518	
18	0.0185014	
19	0.0185567	
20	0.0186006	
21	0.018654	
22	0.0186864	
23	0.0187379	
24	0.0187894	
25	0.0188066	
26	0.0188543	
27	0.0188943	
28	0.0189229	
29	0.0189534	
30	0.0189611	
31	0.0189859	
32	0.0190049	
33	0.0190202	
34	0.0190259	
35	0.0190374	
36	0.0190431	
37	0.0190431	
38	0.0190412	
39	0.0190393	
40	0.0190355	
41	0.019024	
42	0.0189916	
43	0.0189801	
44	0.0189477	
45	0.0189115	
46	0.0188657	
47	0.018818	
48	0.0187627	
49	0.0187055	
50	0.018633	
51	0.0185567	
52	0.0184804	
53	0.0183927	
54	0.0182916	
55	0.0181829	
56	0.0180722	
57	0.0179521	
58	0.0178281	
59	0.0176965	
60	0.0175554	
61	0.0174085	
62	0.0172616	
63	0.0171109	
64	0.0169412	
65	0.0167772	
66	0.0165998	
67	0.0164243	
68	0.0162278	
69	0.0160276	
70	0.0158216	
71	0.0156022	
72	0.0153809	
73	0.0153161	
74	0.0151368	
75	0.0149289	
76	0.0146847	
77	0.014185	
78	0.0138894	
79	0.0136262	
80	0.0133649	
81	0.0131055	
82	0.0128499	
83	0.0126038	
84	0.0123559	
85	0.0121384	
86	0.0119362	
87	0.0117531	
88	0.0115967	
89	0.0114709	
90	0.0113774	
91	0.0113145	
92	0.011282	
93	0.0112839	
94	0.0113278	
95	0.011406	
96	0.0115147	
97	0.011654	
98	0.0118256	
99	0.0120144	
100	0.0122223	
101	0.0124493	
102	0.0126839	
103	0.0129223	
104	0.0131627	
105	0.0134202	
106	0.0136777	
107	0.0139294	
108	0.0141869	
109	0.0144463	
110	0.0146943	
111	0.0149384	
112	0.0151692	
113	0.0153962	
114	0.0156136	
115	0.0158254	
116	0.0160218	
117	0.0162126	
118	0.0163976	
119	0.0165826	
120	0.0167466	
121	0.0169069	
122	0.017048	
123	0.0171911	
124	0.0173284	
125	0.0174657	
126	0.0175954	
127	0.0177175	
128	0.0179425	
129	0.01919	
130	0.0193902	
131	0.0184022	
132	0.0182229	
133	0.0182916	
134	0.0183793	
135	0.0184346	
136	0.018488	
137	0.0185548	
138	0.0185968	
139	0.0186387	
140	0.0186597	
141	0.0186864	
142	0.0187036	
143	0.0187341	
144	0.0187474	
145	0.0187589	
146	0.0187608	
147	0.0187589	
148	0.0187513	
149	0.0187417	
150	0.0187303	
151	0.0187131	
152	0.0186998	
153	0.0186845	
154	0.0186578	
155	0.0186311	
156	0.0186082	
157	0.0185891	
158	0.0185586	
159	0.0185262	
160	0.0184976	
161	0.0184671	
162	0.0184366	
163	0.018406	
164	0.0183755	
165	0.0183431	
166	0.0183069	
167	0.0182801	
168	0.0182592	
169	0.0182344	
170	0.0182115	
171	0.0182077	
172	0.0181848	
173	0.0181085	
174	0.0180761	
175	0.018057	
176	0.0180436	
177	0.0180284	
178	0.0180169	
179	0.0180169	
180	0.0180131	
181	0.0180188	
182	0.0180227	
183	0.0180284	
184	0.0180417	
185	0.0180608	
186	0.0180894	
187	0.0181085	
188	0.0181371	
189	0.0181638	
190	0.0181943	
191	0.0182363	
192	0.0182706	
193	0.0183069	
194	0.0183469	
195	0.0183927	
196	0.0184327	
197	0.0184747	
198	0.0185224	
199	0.0185643	
200	0.0186063	
201	0.0186483	
202	0.0186845	
203	0.0187303	
204	0.0187742	
205	0.0188085	
206	0.0188409	
207	0.0188695	
208	0.0189	
209	0.018921	
210	0.0189496	
211	0.0189725	
212	0.0189916	
213	0.0190107	
214	0.0190297	
215	0.0190393	
216	0.0190469	
217	0.0190507	
218	0.0190545	
219	0.0190545	
220	0.0190507	
221	0.0190336	
222	0.019024	
223	0.0190011	
224	0.0189744	
225	0.0189401	
226	0.0189	
227	0.0188562	
228	0.0188104	
229	0.0187551	
230	0.0186845	
231	0.0186139	
232	0.0185415	
233	0.0184575	
234	0.0183641	
235	0.0182687	
236	0.0181657	
237	0.0180551	
238	0.0179387	
239	0.0178167	
240	0.0176889	
241	0.0175477	
242	0.0174066	
243	0.0172578	
244	0.0170957	
245	0.0169317	
246	0.0167619	
247	0.0165864	
248	0.0163938	
249	0.0162011	
250	0.0159971	
251	0.0157777	
252	0.0155583	
253	0.0153275	
254	0.0150891	
255	0.014845	
256	0.014597	
257	0.0143471	
258	0.0140877	
259	0.0138341	
260	0.0135785	
261	0.0133305	
262	0.0130883	
263	0.0128594	
264	0.0126343	
265	0.0124245	
266	0.0122262	
267	0.0120545	
268	0.0119038	
269	0.0117837	
270	0.0116692	
271	0.0115948	
272	0.0115548	
273	0.0115452	
274	0.0115719	
275	0.0116196	
276	0.0117016	
277	0.0118161	
278	0.0119572	
279	0.0121213	
280	0.0123177	
281	0.0125352	
282	0.0127602	
283	0.0129948	
284	0.0132428	
285	0.013506	
286	0.0137692	
287	0.0140267	
288	0.0142823	
289	0.0145417	
290	0.0147877	
291	0.0150204	
292	0.015255	
293	0.0154782	
294	0.0156995	
295	0.0159074	
296	0.0161077	
297	0.0162946	
298	0.0164739	
299	0.0166532	
300	0.0168153	
301	0.0169717	
302	0.0171167	
303	0.0172616	
304	0.0173932	
305	0.0175344	
306	0.0176584	
307	0.0177861	
308	0.0179044	
309	0.0180112	
310	0.0181123	
311	0.0182058	
312	0.0182916	
313	0.0183603	
314	0.0184346	
315	0.0184938	
316	0.0185567	
317	0.0186082	
318	0.0186521	
319	0.018694	
320	0.018736	
321	0.0187722	
322	0.0188009	
323	0.0188199	
324	0.0188371	
325	0.018839	
326	0.018839	
327	0.0188333	
328	0.0188276	
329	0.0188142	
330	0.0187951	
331	0.0187722	
332	0.0187494	
333	0.0187246	
334	0.018694	
335	0.0186578	
336	0.0186235	
337	0.0185891	
338	0.0185491	
339	0.0185052	
340	0.0184652	
341	0.0184213	
342	0.0183793	
343	0.0183374	
344	0.0183049	
345	0.0182706	
346	0.0182363	
347	0.0182077	
348	0.0181829	
349	0.0181676	
350	0.0181638	
351	0.0181428	
352	0.0181257	
353	0.0181142	
354	0.0181047	
355	0.0181047	
356	0.0181047	
357	0.0181047	
358	0.0181066	
359	0.0181123	
360	0.0181161	