0	0.00454143	
1	0.00438693	
2	0.00448611	
3	0.00488475	
4	0.00550655	
5	0.00624278	
6	0.00702289	
7	0.00785452	
8	0.00862128	
9	0.00937277	
10	0.0100232	
11	0.0106011	
12	0.0111466	
13	0.0116387	
14	0.0121022	
15	0.0125027	
16	0.0128689	
17	0.0132142	
18	0.0135327	
19	0.0138264	
20	0.0141068	
21	0.0143757	
22	0.0146161	
23	0.014845	
24	0.0150624	
25	0.0152684	
26	0.0154591	
27	0.0156442	
28	0.015812	
29	0.0159627	
30	0.0161058	
31	0.0162393	
32	0.0163614	
33	0.0164453	
34	0.0165483	
35	0.0166551	
36	0.0167295	
37	0.016802	
38	0.0168687	
39	0.0169278	
40	0.0169679	
41	0.017006	
42	0.0170346	
43	0.0170461	
44	0.0170575	
45	0.0170518	
46	0.0170461	
47	0.0170327	
48	0.017006	
49	0.0169755	
50	0.0169393	
51	0.0168668	
52	0.0168344	
53	0.0167295	
54	0.0166494	
55	0.0165559	
56	0.016451	
57	0.0163327	
58	0.0162126	
59	0.0160695	
60	0.0159208	
61	0.0157453	
62	0.0155945	
63	0.0154381	
64	0.0152283	
65	0.0150338	
66	0.0148259	
67	0.0146065	
68	0.0143662	
69	0.0141183	
70	0.0138493	
71	0.0135556	
72	0.0132313	
73	0.0128842	
74	0.012497	
75	0.0120812	
76	0.0116082	
77	0.0110913	
78	0.0105191	
79	0.00987631	
80	0.00913817	
81	0.00831801	
82	0.00735858	
83	0.00638393	
84	0.00529864	
85	0.00416568	
86	0.00306703	
87	0.00216295	
88	0.00159074	
89	0.0014248	
90	0.00174142	
91	0.00247385	
92	0.00349809	
93	0.00465968	
94	0.00580409	
95	0.00692943	
96	0.00784308	
97	0.00872618	
98	0.00954634	
99	0.0102616	
100	0.010891	
101	0.0114556	
102	0.0119706	
103	0.0124322	
104	0.0128384	
105	0.0132275	
106	0.0135728	
107	0.0139008	
108	0.014185	
109	0.0144692	
110	0.0147496	
111	0.0150052	
112	0.015236	
113	0.0154515	
114	0.0156671	
115	0.0158559	
116	0.016039	
117	0.0162145	
118	0.0163823	
119	0.0165483	
120	0.0166932	
121	0.0168382	
122	0.0169622	
123	0.0170842	
124	0.0171968	
125	0.0172807	
126	0.0173761	
127	0.0174695	
128	0.0175477	
129	0.0176202	
130	0.0176851	
131	0.0177289	
132	0.0177728	
133	0.0178109	
134	0.0178396	
135	0.0178567	
136	0.0178643	
137	0.0178605	
138	0.0178548	
139	0.0178415	
140	0.0178109	
141	0.0177766	
142	0.0177308	
143	0.017666	
144	0.0175973	
145	0.0175287	
146	0.0174466	
147	0.0173475	
148	0.017212	
149	0.0171129	
150	0.0169793	
151	0.0168439	
152	0.0167123	
153	0.0165559	
154	0.0163976	
155	0.0162221	
156	0.0160486	
157	0.0158597	
158	0.0156327	
159	0.0154076	
160	0.0151845	
161	0.0149422	
162	0.014679	
163	0.0143986	
164	0.0140973	
165	0.0137749	
166	0.0134278	
167	0.0130501	
168	0.0126401	
169	0.0121899	
170	0.0116921	
171	0.0111466	
172	0.0105382	
173	0.00986105	
174	0.00913626	
175	0.00832564	
176	0.0074673	
177	0.00657657	
178	0.00571635	
179	0.00497058	
180	0.00446895	
181	0.00425723	
182	0.0044041	
183	0.0048714	
184	0.00558856	
185	0.0064297	
186	0.00731853	
187	0.00819784	
188	0.00902373	
189	0.0096913	
190	0.0103913	
191	0.0110245	
192	0.0115834	
193	0.0120888	
194	0.0125161	
195	0.0129262	
196	0.0133019	
197	0.0136777	
198	0.0139981	
199	0.0142956	
200	0.014576	
201	0.0148392	
202	0.0150777	
203	0.0153065	
204	0.0155297	
205	0.0157262	
206	0.0159093	
207	0.0160943	
208	0.0162641	
209	0.0164243	
210	0.0165616	
211	0.0167028	
212	0.0168191	
213	0.0169317	
214	0.0170385	
215	0.0171376	
216	0.0172158	
217	0.0172902	
218	0.0173627	
219	0.0174142	
220	0.0174505	
221	0.0174848	
222	0.0175096	
223	0.0175382	
224	0.0175439	
225	0.0175439	
226	0.0175344	
227	0.0175115	
228	0.017481	
229	0.0174352	
230	0.0173799	
231	0.0173036	
232	0.0172426	
233	0.0171739	
234	0.0170823	
235	0.016987	
236	0.0168782	
237	0.0167638	
238	0.0166265	
239	0.0164911	
240	0.0163423	
241	0.016184	
242	0.0159951	
243	0.0158044	
244	0.0156098	
245	0.0154038	
246	0.0151806	
247	0.014967	
248	0.0147172	
249	0.0144292	
250	0.0141488	
251	0.0138493	
252	0.013527	
253	0.013197	
254	0.0127888	
255	0.0123597	
256	0.0118847	
257	0.0113793	
258	0.0108014	
259	0.0101452	
260	0.00940901	
261	0.00856978	
262	0.00763133	
263	0.00658038	
264	0.0054417	
265	0.00426486	
266	0.00312616	
267	0.00213434	
268	0.00149728	
269	0.00131417	
270	0.00164223	
271	0.00240709	
272	0.00347139	
273	0.00465778	
274	0.00584605	
275	0.00694659	
276	0.0079537	
277	0.00885969	
278	0.00965506	
279	0.0103551	
280	0.010973	
281	0.0115243	
282	0.0120183	
283	0.0124627	
284	0.0128632	
285	0.0132313	
286	0.0135804	
287	0.0139294	
288	0.0141698	
289	0.0144711	
290	0.0147343	
291	0.0149842	
292	0.0152245	
293	0.0154458	
294	0.0156614	
295	0.0158597	
296	0.0160447	
297	0.0162183	
298	0.0163785	
299	0.0165292	
300	0.0166646	
301	0.0167924	
302	0.0169088	
303	0.0170175	
304	0.0171243	
305	0.0172216	
306	0.0173074	
307	0.0173856	
308	0.0174524	
309	0.0175115	
310	0.0175687	
311	0.0176164	
312	0.0176526	
313	0.017687	
314	0.017706	
315	0.0177041	
316	0.0177041	
317	0.0176946	
318	0.0176469	
319	0.0176107	
320	0.0175992	
321	0.0175687	
322	0.0175172	
323	0.0174562	
324	0.0173837	
325	0.0173074	
326	0.0172178	
327	0.0171148	
328	0.0170079	
329	0.0168935	
330	0.0167733	
331	0.0166284	
332	0.0164796	
333	0.0163213	
334	0.0161477	
335	0.0159761	
336	0.0157834	
337	0.0155907	
338	0.0153752	
339	0.0151501	
340	0.0149155	
341	0.0146695	
342	0.0143948	
343	0.0141011	
344	0.0137959	
345	0.0134755	
346	0.0131283	
347	0.0127411	
348	0.0123444	
349	0.0118714	
350	0.011345	
351	0.0108109	
352	0.0102292	
353	0.0095883	
354	0.00888258	
355	0.00811964	
356	0.00732234	
357	0.00651363	
358	0.00573924	
359	0.00506976	
360	0.00463679	