0	8.10629E-6	
1	1.76431E-5	
2	3.52862E-5	
3	6.05586E-5	
4	9.01227E-5	
5	0.000127793	
6	0.000170232	
7	0.000218869	
8	0.00027776	
9	0.000343086	
10	0.000418426	
11	0.000492815	
12	0.000570063	
13	0.000646833	
14	0.000721935	
15	0.000794414	
16	0.000861887	
17	0.000930075	
18	0.00101543	
19	0.00109578	
20	0.00117994	
21	0.00126243	
22	0.00135113	
23	0.00143338	
24	0.0015154	
25	0.0015955	
26	0.00167323	
27	0.00174881	
28	0.00182176	
29	0.00188995	
30	0.00196888	
31	0.00206567	
32	0.00215317	
33	0.00222732	
34	0.00229026	
35	0.00233866	
36	0.00237323	
37	0.00239302	
38	0.00239731	
39	0.00238897	
40	0.00237156	
41	0.00238349	
42	0.00238992	
43	0.00240041	
44	0.00240232	
45	0.00239779	
46	0.00238682	
47	0.00237133	
48	0.0023513	
49	0.00232626	
50	0.00229765	
51	0.00226404	
52	0.00223137	
53	0.0021887	
54	0.00214292	
55	0.00211264	
56	0.00208594	
57	0.00204255	
58	0.00199057	
59	0.00192953	
60	0.0018611	
61	0.00178242	
62	0.00169469	
63	0.00159503	
64	0.00149656	
65	0.0013938	
66	0.00128914	
67	0.00120307	
68	0.00111938	
69	0.00103689	
70	0.000952248	
71	0.000869039	
72	0.000784878	
73	0.000704769	
74	0.000623468	
75	0.000546936	
76	0.00047374	
77	0.00040579	
78	0.000343801	
79	0.000285389	
80	0.000230552	
81	0.000183345	
82	0.000139476	
83	0.00010252	
84	7.12876E-5	
85	4.52998E-5	
86	2.64646E-5	
87	1.35899E-5	
88	7.15259E-6	
89	8.82155E-6	
90	1.76431E-5	
91	3.31404E-5	
92	5.55518E-5	
93	8.3447E-5	
94	0.000118494	
95	0.000157596	
96	0.000202895	
97	0.000254156	
98	0.000312569	
99	0.000373842	
100	0.000439407	
101	0.000509981	
102	0.000582222	
103	0.000657085	
104	0.000735763	
105	0.000816349	
106	0.000898365	
107	0.000983007	
108	0.00107003	
109	0.00115538	
110	0.00124312	
111	0.00133062	
112	0.00141717	
113	0.00150252	
114	0.00159384	
115	0.00169516	
116	0.00179363	
117	0.00188685	
118	0.00197484	
119	0.00205638	
120	0.00213076	
121	0.00219776	
122	0.00225712	
123	0.00230338	
124	0.00234629	
125	0.002378	
126	0.00239898	
127	0.00241138	
128	0.0024152	
129	0.00242426	
130	0.00244309	
131	0.00245883	
132	0.00246955	
133	0.00247528	
134	0.0024748	
135	0.00246908	
136	0.00245883	
137	0.00244214	
138	0.00242211	
139	0.00239612	
140	0.00236584	
141	0.00233032	
142	0.00229074	
143	0.00224711	
144	0.00219776	
145	0.00214626	
146	0.00208975	
147	0.00202848	
148	0.00195099	
149	0.00187255	
150	0.00181652	
151	0.00178648	
152	0.00173426	
153	0.00161339	
154	0.00154424	
155	0.00147248	
156	0.00139786	
157	0.00131727	
158	0.00123025	
159	0.0011375	
160	0.00104953	
161	0.00095797	
162	0.000866178	
163	0.000774149	
164	0.00068355	
165	0.000598196	
166	0.000517134	
167	0.000443699	
168	0.00037718	
169	0.000314476	
170	0.000256063	
171	0.000204564	
172	0.000158311	
173	0.000117779	
174	8.24933E-5	
175	5.41213E-5	
176	3.14715E-5	
177	1.50204E-5	
178	5.48366E-6	
179	2.62262E-6	
180	5.96049E-6	