0	0.0161706	
1	0.0161897	
2	0.016203	
3	0.0162526	
4	0.0163461	
5	0.0164415	
6	0.0165254	
7	0.0166093	
8	0.0167123	
9	0.016781	
10	0.0168477	
11	0.016905	
12	0.0169641	
13	0.0170232	
14	0.0170633	
15	0.0171033	
16	0.0171663	
17	0.017233	
18	0.0172406	
19	0.0172559	
20	0.0172864	
21	0.0173208	
22	0.0173227	
23	0.0173684	
24	0.0174237	
25	0.0174676	
26	0.0175191	
27	0.0175611	
28	0.0176069	
29	0.0176526	
30	0.017727	
31	0.0177633	
32	0.0177861	
33	0.0178052	
34	0.01783	
35	0.0178376	
36	0.0178453	
37	0.0178472	
38	0.0178529	
39	0.0178777	
40	0.0178643	
41	0.0178472	
42	0.0178186	
43	0.0178014	
44	0.0177709	
45	0.017727	
46	0.017666	
47	0.0176011	
48	0.0175191	
49	0.0174581	
50	0.0173818	
51	0.0173246	
52	0.0173017	
53	0.0172483	
54	0.0171682	
55	0.0170709	
56	0.016966	
57	0.0168744	
58	0.016739	
59	0.0165941	
60	0.0164357	
61	0.0162565	
62	0.0160695	
63	0.0158769	
64	0.0156595	
65	0.0154324	
66	0.0152245	
67	0.0149747	
68	0.0147095	
69	0.0144177	
70	0.0141774	
71	0.0138722	
72	0.0135518	
73	0.0132142	
74	0.012909	
75	0.0125771	
76	0.0122815	
77	0.0119935	
78	0.0117016	
79	0.0114499	
80	0.0111848	
81	0.0109063	
82	0.0106393	
83	0.0103894	
84	0.0101815	
85	0.0099774	
86	0.00978476	
87	0.00960737	
88	0.00950247	
89	0.00938803	
90	0.00929457	
91	0.00920111	
92	0.00924879	
93	0.00922781	
94	0.00941283	
95	0.00944525	
96	0.00958067	
97	0.00977904	
98	0.00996786	
99	0.0101777	
100	0.0105363	
101	0.0106278	
102	0.0109177	
103	0.0111676	
104	0.0114442	
105	0.0117741	
106	0.0120526	
107	0.0123368	
108	0.0126629	
109	0.0129815	
110	0.0132867	
111	0.0135861	
112	0.013876	
113	0.0141507	
114	0.0144215	
115	0.0146733	
116	0.0149098	
117	0.0151368	
118	0.015358	
119	0.0155621	
120	0.0157548	
121	0.0159322	
122	0.0160924	
123	0.016245	
124	0.0164205	
125	0.0165235	
126	0.0166475	
127	0.0167638	
128	0.0168687	
129	0.0169622	
130	0.017006	
131	0.0170575	
132	0.0170976	
133	0.0171415	
134	0.0171739	
135	0.0171891	
136	0.0172311	
137	0.0172845	
138	0.0173093	
139	0.0173455	
140	0.0173856	
141	0.0174276	
142	0.0174524	
143	0.0174848	
144	0.0175153	
145	0.0175363	
146	0.0175515	
147	0.0175611	
148	0.0175687	
149	0.0175649	
150	0.0175439	
151	0.0175477	
152	0.0175229	
153	0.0174981	
154	0.0174791	
155	0.0174638	
156	0.0174142	
157	0.0173913	
158	0.0173703	
159	0.0173322	
160	0.0173093	
161	0.0172979	
162	0.0173017	
163	0.0172731	
164	0.0172273	
165	0.0171911	
166	0.0171605	
167	0.0171224	
168	0.01709	
169	0.0170728	
170	0.0170556	
171	0.0170709	
172	0.0170594	
173	0.017048	
174	0.0170137	
175	0.0170385	
176	0.0170461	
177	0.0170709	
178	0.0171148	
179	0.0171643	
180	0.0172082	
181	0.017254	
182	0.0172883	
183	0.0173112	
184	0.0173913	
185	0.0174466	
186	0.0174962	
187	0.0175439	
188	0.0176908	
189	0.0176183	
190	0.0176793	
191	0.0177194	
192	0.0178109	
193	0.0178033	
194	0.0177976	
195	0.0177938	
196	0.017769	
197	0.0177976	
198	0.0178529	
199	0.0178739	
200	0.0178758	
201	0.0179044	
202	0.0179712	
203	0.0179502	
204	0.0179731	
205	0.0179902	
206	0.017996	
207	0.017994	
208	0.017994	
209	0.0179788	
210	0.0179902	
211	0.0180417	
212	0.0180761	
213	0.0181276	
214	0.0181295	
215	0.0181428	
216	0.0181581	
217	0.0181733	
218	0.0181714	
219	0.0181638	
220	0.018181	
221	0.0181772	
222	0.0181524	
223	0.0181237	
224	0.0180913	
225	0.0180513	
226	0.0179979	
227	0.0179425	
228	0.0178968	
229	0.0179273	
230	0.0179368	
231	0.017933	
232	0.0178376	
233	0.0177308	
234	0.0176107	
235	0.0174924	
236	0.0173627	
237	0.0172273	
238	0.0171167	
239	0.0169736	
240	0.0168267	
241	0.0166589	
242	0.0164777	
243	0.0162622	
244	0.0161077	
245	0.015936	
246	0.0157911	
247	0.0156041	
248	0.0154133	
249	0.0151921	
250	0.0149327	
251	0.0146847	
252	0.0144253	
253	0.0141621	
254	0.0138894	
255	0.0136166	
256	0.013361	
257	0.0131627	
258	0.0128613	
259	0.0125867	
260	0.0123368	
261	0.0120926	
262	0.0119458	
263	0.0116387	
264	0.0116501	
265	0.0113526	
266	0.0111161	
267	0.010954	
268	0.010933	
269	0.0107709	
270	0.0106717	
271	0.0106335	
272	0.0105858	
273	0.0106259	
274	0.0107232	
275	0.0108262	
276	0.0109482	
277	0.0111104	
278	0.0113011	
279	0.0115414	
280	0.0117989	
281	0.0120183	
282	0.012251	
283	0.0125313	
284	0.0128232	
285	0.0130921	
286	0.01367	
287	0.013897	
288	0.0138455	
289	0.0141049	
290	0.0143395	
291	0.0145875	
292	0.0148144	
293	0.0150338	
294	0.0152531	
295	0.015461	
296	0.0156747	
297	0.0158807	
298	0.0160428	
299	0.0162069	
300	0.0163766	
301	0.0165559	
302	0.0166723	
303	0.0168306	
304	0.0169545	
305	0.0171052	
306	0.0172559	
307	0.0173742	
308	0.0174943	
309	0.0176278	
310	0.0178796	
311	0.017809	
312	0.0177575	
313	0.0178224	
314	0.0179158	
315	0.018099	
316	0.018078	
317	0.0181295	
318	0.0181829	
319	0.0182039	
320	0.0182458	
321	0.0183088	
322	0.0183145	
323	0.0183698	
324	0.0184156	
325	0.0184175	
326	0.0184709	
327	0.018448	
328	0.018509	
329	0.0184938	
330	0.0184232	
331	0.0183984	
332	0.0183736	
333	0.0183793	
334	0.0183526	
335	0.0183641	
336	0.0184518	
337	0.0184556	
338	0.018406	
339	0.0183736	
340	0.0183336	
341	0.0183049	
342	0.0182992	
343	0.0182134	
344	0.0181104	
345	0.0180761	
346	0.0180608	
347	0.018036	
348	0.018057	
349	0.0180589	
350	0.0179826	
351	0.0179292	
352	0.0179693	
353	0.0179178	
354	0.0179693	
355	0.0179254	
356	0.0179559	
357	0.0178949	
358	0.0178758	
359	0.0178739	
360	0.0178796	