0	0.030552	
1	0.0305864	
2	0.0306054	
3	0.0306455	
4	0.0306665	
5	0.0307103	
6	0.0307332	
7	0.0307485	
8	0.0308019	
9	0.0307962	
10	0.0308686	
11	0.0309354	
12	0.0309259	
13	0.0310231	
14	0.031067	
15	0.0311013	
16	0.0311223	
17	0.0311662	
18	0.0312139	
19	0.0312253	
20	0.031275	
21	0.0312521	
22	0.0313151	
23	0.0313075	
24	0.0313132	
25	0.0313475	
26	0.0313532	
27	0.0313494	
28	0.0313418	
29	0.0313361	
30	0.0313265	
31	0.0313094	
32	0.0312808	
33	0.0312196	
34	0.0311872	
35	0.0311242	
36	0.0310918	
37	0.0310403	
38	0.0309716	
39	0.0308648	
40	0.0307714	
41	0.0307294	
42	0.0306398	
43	0.0305368	
44	0.0304147	
45	0.0302621	
46	0.0301496	
47	0.0300237	
48	0.0298673	
49	0.0296899	
50	0.029543	
51	0.0293561	
52	0.0291711	
53	0.0289136	
54	0.0287286	
55	0.0285245	
56	0.0282747	
57	0.0280343	
58	0.0277807	
59	0.0275174	
60	0.027239	
61	0.0269338	
62	0.0266324	
63	0.0263082	
64	0.0259687	
65	0.0256501	
66	0.025303	
67	0.0249177	
68	0.0245267	
69	0.02413	
70	0.0237314	
71	0.023285	
72	0.0228559	
73	0.0223886	
74	0.0219079	
75	0.021475	
76	0.0209485	
77	0.0204583	
78	0.0199643	
79	0.0194684	
80	0.0190221	
81	0.0185548	
82	0.0180799	
83	0.017666	
84	0.0172693	
85	0.0168744	
86	0.0165368	
87	0.0162526	
88	0.0160028	
89	0.0158159	
90	0.0156881	
91	0.0156461	
92	0.0156041	
93	0.0156804	
94	0.0158464	
95	0.0160562	
96	0.0163347	
97	0.0167028	
98	0.0170785	
99	0.0174714	
100	0.0179006	
101	0.0183412	
102	0.0188009	
103	0.0192567	
104	0.0197278	
105	0.0202008	
106	0.0206758	
107	0.0211431	
108	0.0215875	
109	0.0220453	
110	0.0224973	
111	0.0229303	
112	0.0234243	
113	0.0238591	
114	0.0242501	
115	0.024624	
116	0.0249692	
117	0.0253106	
118	0.0256444	
119	0.0259553	
120	0.0262605	
121	0.0265523	
122	0.0268289	
123	0.0271093	
124	0.0273668	
125	0.0275861	
126	0.0278455	
127	0.0280668	
128	0.0282346	
129	0.0284444	
130	0.0286256	
131	0.0287973	
132	0.0289556	
133	0.0291044	
134	0.0292398	
135	0.0293676	
136	0.0294915	
137	0.0295964	
138	0.0296956	
139	0.0297986	
140	0.0298826	
141	0.0299226	
142	0.0300122	
143	0.0300542	
144	0.0301591	
145	0.030182	
146	0.0302182	
147	0.0302545	
148	0.0302831	
149	0.0303022	
150	0.0303174	
151	0.0303384	
152	0.0303441	
153	0.0303479	
154	0.0303422	
155	0.0303403	
156	0.0303346	
157	0.0303346	
158	0.0303174	
159	0.0302964	
160	0.0302984	
161	0.0302736	
162	0.0302716	
163	0.0302526	
164	0.030224	
165	0.0302049	
166	0.0301915	
167	0.0301744	
168	0.0301591	
169	0.0301458	
170	0.03014	
171	0.0301305	
172	0.0301305	
173	0.0301248	
174	0.0301305	
175	0.0301515	
176	0.0301572	
177	0.0301706	
178	0.0301896	
179	0.0302087	
180	0.0302278	
181	0.0302602	
182	0.0302907	
183	0.0303289	
184	0.0303575	
185	0.0304013	
186	0.0304567	
187	0.0305024	
188	0.0305482	
189	0.0306016	
190	0.030655	
191	0.0307084	
192	0.0307542	
193	0.0308076	
194	0.0308572	
195	0.0309125	
196	0.0309621	
197	0.0310136	
198	0.0310441	
199	0.0310708	
200	0.0311071	
201	0.0311471	
202	0.0311872	
203	0.0312158	
204	0.0312521	
205	0.0312788	
206	0.0312979	
207	0.0313151	
208	0.0313189	
209	0.0313227	
210	0.0313151	
211	0.0313056	
212	0.0312922	
213	0.0312674	
214	0.0312387	
215	0.0312005	
216	0.0311567	
217	0.0311109	
218	0.0310556	
219	0.0309926	
220	0.0309087	
221	0.0308343	
222	0.0307294	
223	0.0306245	
224	0.030512	
225	0.0303823	
226	0.0302716	
227	0.0301019	
228	0.0299531	
229	0.0297872	
230	0.0296212	
231	0.0294515	
232	0.0292646	
233	0.0290796	
234	0.0288717	
235	0.0286485	
236	0.0284024	
237	0.0281354	
238	0.0278798	
239	0.0276014	
240	0.0273095	
241	0.0270025	
242	0.0266858	
243	0.026354	
244	0.0260087	
245	0.0256559	
246	0.0252839	
247	0.0248529	
248	0.0244256	
249	0.0240518	
250	0.0236284	
251	0.0231668	
252	0.0227014	
253	0.0222322	
254	0.0217458	
255	0.0212442	
256	0.0207387	
257	0.0202333	
258	0.0197011	
259	0.0191804	
260	0.0186807	
261	0.018181	
262	0.017706	
263	0.0172693	
264	0.0168573	
265	0.0164911	
266	0.0161611	
267	0.0158921	
268	0.0157109	
269	0.0156022	
270	0.0155678	
271	0.0155144	
272	0.0155869	
273	0.0157377	
274	0.0159894	
275	0.0162526	
276	0.0165807	
277	0.0169336	
278	0.0173227	
279	0.0177823	
280	0.0182344	
281	0.0187017	
282	0.0191995	
283	0.0196458	
284	0.0201303	
285	0.0205976	
286	0.0210801	
287	0.0215474	
288	0.0220033	
289	0.022463	
290	0.0228921	
291	0.0233155	
292	0.0237142	
293	0.0240957	
294	0.024479	
295	0.0248491	
296	0.0251848	
297	0.0255376	
298	0.0258294	
299	0.0261518	
300	0.0264589	
301	0.0267106	
302	0.0269815	
303	0.0272332	
304	0.0274755	
305	0.0277063	
306	0.0279332	
307	0.0281507	
308	0.0283262	
309	0.0285169	
310	0.0286962	
311	0.0288755	
312	0.0290529	
313	0.0292131	
314	0.0293523	
315	0.0294877	
316	0.0296003	
317	0.029709	
318	0.0298139	
319	0.0299073	
320	0.0299932	
321	0.0300771	
322	0.0301477	
323	0.0302221	
324	0.0302812	
325	0.0303403	
326	0.0303918	
327	0.0304357	
328	0.0304815	
329	0.0305139	
330	0.0305444	
331	0.0305692	
332	0.0305959	
333	0.0306131	
334	0.0306226	
335	0.0306417	
336	0.0306455	
337	0.0306493	
338	0.0306531	
339	0.030655	
340	0.0306531	
341	0.0306569	
342	0.0306531	
343	0.0306531	
344	0.0306455	
345	0.0306321	
346	0.0306169	
347	0.0306112	
348	0.0306016	
349	0.0306207	
350	0.0306207	
351	0.0306207	
352	0.0306283	
353	0.0306436	
354	0.0306512	
355	0.0306569	
356	0.0306684	
357	0.0306817	
358	0.0307084	
359	0.0307313	
360	0.0307485	