0	0.0284959	
1	0.0285035	
2	0.0284806	
3	0.0284673	
4	0.0284539	
5	0.0284311	
6	0.0284139	
7	0.0283967	
8	0.0283719	
9	0.02833	
10	0.028288	
11	0.028248	
12	0.0281945	
13	0.0281354	
14	0.0280725	
15	0.0279943	
16	0.0279256	
17	0.0278722	
18	0.0277902	
19	0.0276757	
20	0.0275956	
21	0.027506	
22	0.0273877	
23	0.0273	
24	0.0271703	
25	0.0270673	
26	0.0270063	
27	0.0268632	
28	0.0267411	
29	0.0266134	
30	0.0264302	
31	0.0266019	
32	0.0261422	
33	0.0260087	
34	0.025839	
35	0.0256463	
36	0.0254823	
37	0.0252477	
38	0.0250055	
39	0.0248357	
40	0.024561	
41	0.0243074	
42	0.0240747	
43	0.0238267	
44	0.0235749	
45	0.0233022	
46	0.0230294	
47	0.0227567	
48	0.0224611	
49	0.0221521	
50	0.0218469	
51	0.0214769	
52	0.0211221	
53	0.0207616	
54	0.0203897	
55	0.0200158	
56	0.0196325	
57	0.0192376	
58	0.0188352	
59	0.0184022	
60	0.0179368	
61	0.0175134	
62	0.0170633	
63	0.0166436	
64	0.016205	
65	0.0157071	
66	0.0152569	
67	0.0147343	
68	0.0141907	
69	0.0136452	
70	0.0130692	
71	0.012476	
72	0.0118695	
73	0.0112496	
74	0.010603	
75	0.00994688	
76	0.00927359	
77	0.00859457	
78	0.00790602	
79	0.00720599	
80	0.00650027	
81	0.00579455	
82	0.00508693	
83	0.00439647	
84	0.00372316	
85	0.00307466	
86	0.00246049	
87	0.00189019	
88	0.00138284	
89	0.000944141	
90	0.000583652	
91	0.000320436	
92	0.000150681	
93	8.96459E-5	
94	0.00013733	
95	0.000291826	
96	0.000551227	
97	0.00090218	
98	0.0013485	
99	0.00186921	
100	0.00245096	
101	0.00309183	
102	0.00376894	
103	0.00448802	
104	0.00522998	
105	0.00599101	
106	0.00675395	
107	0.00751308	
108	0.00826079	
109	0.00900465	
110	0.00972754	
111	0.0104428	
112	0.011139	
113	0.0118027	
114	0.0124512	
115	0.0130921	
116	0.0137101	
117	0.0143166	
118	0.0148831	
119	0.0154324	
120	0.0159627	
121	0.0164739	
122	0.016966	
123	0.0174447	
124	0.0179101	
125	0.0183774	
126	0.0188257	
127	0.0192777	
128	0.019703	
129	0.0201188	
130	0.0205098	
131	0.0208818	
132	0.0212423	
133	0.021578	
134	0.0219003	
135	0.0222188	
136	0.0225183	
137	0.0228082	
138	0.0230905	
139	0.0233728	
140	0.0236608	
141	0.0239278	
142	0.0241567	
143	0.0244352	
144	0.0246698	
145	0.0248929	
146	0.025118	
147	0.0253259	
148	0.0255224	
149	0.0257226	
150	0.0259191	
151	0.0261155	
152	0.026291	
153	0.0264417	
154	0.0265867	
155	0.026764	
156	0.0268995	
157	0.0270501	
158	0.0271856	
159	0.0273076	
160	0.0274507	
161	0.0275575	
162	0.0276967	
163	0.0278016	
164	0.0278913	
165	0.0279809	
166	0.028061	
167	0.0281507	
168	0.0282308	
169	0.028309	
170	0.0283777	
171	0.0284368	
172	0.0285016	
173	0.0285455	
174	0.0285589	
175	0.0286218	
176	0.0286657	
177	0.0287095	
178	0.0287725	
179	0.0288392	
180	0.028824	
181	0.0288907	
182	0.0289174	
183	0.0289365	
184	0.0289479	
185	0.0289594	
186	0.0289651	
187	0.0289651	
188	0.0289556	
189	0.0289403	
190	0.0288755	
191	0.0288526	
192	0.028824	
193	0.0287935	
194	0.0287172	
195	0.0286485	
196	0.0285913	
197	0.0285455	
198	0.0284711	
199	0.0283872	
200	0.0283319	
201	0.0282823	
202	0.028185	
203	0.0278875	
204	0.0277559	
205	0.0277883	
206	0.0276223	
207	0.0275155	
208	0.0274087	
209	0.027279	
210	0.0271264	
211	0.0269815	
212	0.0268213	
213	0.0266534	
214	0.0264741	
215	0.0263406	
216	0.0261518	
217	0.0259496	
218	0.0257589	
219	0.0255567	
220	0.0253469	
221	0.0251161	
222	0.0248834	
223	0.024645	
224	0.0244046	
225	0.0241586	
226	0.0238992	
227	0.0236322	
228	0.0233518	
229	0.0230581	
230	0.0227529	
231	0.0224324	
232	0.0221044	
233	0.0217649	
234	0.0214082	
235	0.0210115	
236	0.0206624	
237	0.0202752	
238	0.0198671	
239	0.0194494	
240	0.019024	
241	0.0185872	
242	0.0181142	
243	0.0176431	
244	0.0171567	
245	0.0166608	
246	0.0161477	
247	0.0156174	
248	0.01503	
249	0.014536	
250	0.0139828	
251	0.0133019	
252	0.0126668	
253	0.0120183	
254	0.0113545	
255	0.0106717	
256	0.00997549	
257	0.00925261	
258	0.00852019	
259	0.00777629	
260	0.00700572	
261	0.00625423	
262	0.00550082	
263	0.00475314	
264	0.00403216	
265	0.00332643	
266	0.00265504	
267	0.00203897	
268	0.00147057	
269	0.000986107	
270	0.000593189	
271	0.000301363	
272	0.000118256	
273	5.72207E-5	
274	0.000112534	
275	0.000288012	
276	0.000568394	
277	0.0009594	
278	0.00144196	
279	0.00200082	
280	0.00262262	
281	0.00330164	
282	0.00404361	
283	0.00475124	
284	0.00566486	
285	0.00638011	
286	0.00716022	
287	0.00793463	
288	0.00870138	
289	0.00947195	
290	0.0102311	
291	0.0109597	
292	0.0116578	
293	0.0123368	
294	0.012991	
295	0.0136395	
296	0.0142632	
297	0.0148717	
298	0.0154591	
299	0.0160161	
300	0.0165521	
301	0.0170709	
302	0.0175725	
303	0.0180589	
304	0.0185319	
305	0.0189954	
306	0.0194303	
307	0.0198461	
308	0.0202485	
309	0.0206243	
310	0.0209943	
311	0.0213586	
312	0.0216924	
313	0.0220433	
314	0.0223771	
315	0.0227052	
316	0.0230275	
317	0.0233308	
318	0.0236207	
319	0.0239145	
320	0.0241719	
321	0.0244237	
322	0.0247079	
323	0.0249711	
324	0.025221	
325	0.0254709	
326	0.0256978	
327	0.025942	
328	0.0261899	
329	0.026455	
330	0.0266935	
331	0.0267888	
332	0.026951	
333	0.0271207	
334	0.0272847	
335	0.0274507	
336	0.0275975	
337	0.0277406	
338	0.0278798	
339	0.0280019	
340	0.0281202	
341	0.028227	
342	0.0283319	
343	0.0284349	
344	0.0285302	
345	0.0286218	
346	0.0287076	
347	0.028782	
348	0.0288488	
349	0.0289022	
350	0.0289441	
351	0.0289918	
352	0.0290242	
353	0.0290509	
354	0.029091	
355	0.0291158	
356	0.0291406	
357	0.0291654	
358	0.0291864	
359	0.0291921	
360	0.0291826	