0	0.0168611	
2	0.0168477	
4	0.0168554	
6	0.0168916	
8	0.0169431	
10	0.0170156	
12	0.0170957	
14	0.0171777	
16	0.0172693	
18	0.0173742	
20	0.017481	
22	0.0175821	
24	0.0176755	
26	0.0177747	
28	0.0178605	
30	0.0179425	
32	0.0180131	
34	0.0180646	
36	0.0181009	
38	0.0181161	
40	0.0181199	
42	0.0181352	
44	0.0181028	
46	0.0179883	
48	0.0179178	
50	0.0178033	
52	0.0177118	
54	0.0174428	
56	0.0171491	
58	0.0168954	
60	0.0166494	
62	0.0164167	
64	0.0161573	
66	0.0157739	
68	0.0153771	
70	0.0149079	
72	0.0142766	
74	0.0136929	
76	0.0132142	
78	0.0126343	
80	0.0121079	
82	0.0115681	
84	0.0110722	
86	0.0106125	
88	0.0102425	
90	0.00996596	
92	0.00978094	
94	0.00979429	
96	0.00988966	
98	0.0100613	
100	0.0105363	
102	0.0109139	
104	0.0113679	
106	0.0118905	
108	0.0124093	
110	0.012951	
112	0.0134564	
114	0.0139561	
116	0.0144539	
118	0.0148202	
120	0.0152035	
122	0.0155507	
124	0.015896	
126	0.0162603	
128	0.0164224	
130	0.0166322	
132	0.0168802	
134	0.0170747	
136	0.0172197	
138	0.017336	
140	0.0174028	
142	0.0174161	
144	0.0175859	
146	0.0175191	
148	0.0174295	
150	0.0174237	
152	0.017399	
154	0.0173608	
156	0.0173265	
158	0.0172788	
160	0.0172025	
162	0.0171262	
164	0.0170442	
166	0.0169526	
168	0.0168649	
170	0.0167867	
172	0.0167276	
174	0.0166913	
176	0.0166684	
178	0.0166475	
180	0.0166417	
182	0.0166456	
184	0.0166703	
186	0.016697	
188	0.0167409	
190	0.0167962	
192	0.0168611	
194	0.0169317	
196	0.017006	
198	0.0170919	
200	0.0171758	
202	0.0172559	
204	0.017336	
206	0.0174085	
208	0.0174676	
210	0.0175287	
212	0.0175916	
214	0.0176564	
216	0.0177003	
218	0.0177327	
220	0.0177518	
222	0.0177385	
224	0.0177099	
226	0.0176507	
228	0.0175782	
230	0.0174676	
232	0.0173265	
234	0.017151	
236	0.016945	
238	0.0167066	
240	0.0164396	
242	0.0161363	
244	0.0158044	
246	0.0154381	
248	0.0150452	
250	0.0146161	
252	0.0141545	
254	0.0136605	
256	0.0131493	
258	0.0126172	
260	0.0120679	
262	0.0115414	
264	0.0110341	
266	0.0105858	
268	0.0102082	
270	0.00993353	
272	0.0097695	
274	0.0097447	
276	0.00985342	
278	0.0100861	
280	0.0104123	
282	0.0108166	
284	0.0112801	
286	0.0117722	
288	0.0122872	
290	0.0128003	
292	0.0133	
294	0.0137768	
296	0.0142365	
298	0.0146523	
300	0.0150452	
302	0.0154	
304	0.0157148	
306	0.0160123	
308	0.0162793	
310	0.0165178	
312	0.0167276	
314	0.0169126	
316	0.0170728	
318	0.0172063	
320	0.0173055	
322	0.0173856	
324	0.017439	
326	0.0174733	
328	0.0174829	
330	0.0174752	
332	0.01746	
334	0.0174276	
336	0.0173742	
338	0.017315	
340	0.0172445	
342	0.0171643	
344	0.0170785	
346	0.0169908	
348	0.0169069	
350	0.0168287	
352	0.0167638	
354	0.0167276	
356	0.0167295	
358	0.016636	
360	0.0166169	