0	0.0186216	
2	0.0186349	
4	0.0186559	
6	0.0186864	
8	0.0187474	
10	0.0188333	
12	0.0189153	
14	0.0190068	
16	0.019087	
18	0.0191709	
20	0.0192529	
22	0.0193177	
24	0.0193864	
26	0.0194474	
28	0.0194856	
30	0.0195066	
32	0.0195104	
34	0.019497	
36	0.0194608	
38	0.0194322	
40	0.0193826	
42	0.0193082	
44	0.0192147	
46	0.0190946	
48	0.0189515	
50	0.0188009	
52	0.0186025	
54	0.0183851	
56	0.0181333	
58	0.0178682	
60	0.0175611	
62	0.0172178	
64	0.0168363	
66	0.0164167	
68	0.0159646	
70	0.0154687	
72	0.0149251	
74	0.0143395	
76	0.0137501	
78	0.0131398	
80	0.0125294	
82	0.011921	
84	0.0113698	
86	0.0108967	
88	0.0105248	
90	0.0103093	
92	0.0102749	
94	0.0104275	
96	0.010727	
98	0.0111275	
100	0.0116444	
102	0.0122147	
104	0.0128022	
106	0.0134087	
108	0.0139924	
110	0.0145531	
112	0.0150681	
114	0.0155469	
116	0.0159818	
118	0.0163671	
120	0.0167104	
122	0.0170251	
124	0.0173055	
126	0.0175592	
128	0.0178128	
130	0.0180551	
132	0.0182649	
134	0.0184251	
136	0.0185586	
138	0.0186692	
140	0.0187665	
142	0.018839	
144	0.0189039	
146	0.0189286	
148	0.0189534	
150	0.0189706	
152	0.0189534	
154	0.018921	
156	0.0188867	
158	0.0188485	
160	0.0188085	
162	0.0187703	
164	0.0187303	
166	0.0186921	
168	0.0186597	
170	0.0186368	
172	0.0186197	
174	0.0186158	
176	0.0186254	
178	0.0186349	
180	0.0186559	