0	0.00011921	
1	0.00024605	
2	0.000468256	
3	0.000766758	
4	0.0011263	
5	0.00153638	
6	0.00198461	
7	0.00248243	
8	0.00299932	
9	0.00352766	
10	0.00405887	
11	0.00459388	
12	0.00512412	
13	0.0056372	
14	0.00614455	
15	0.00663283	
16	0.0070906	
17	0.00755504	
18	0.00798804	
19	0.00839144	
20	0.00878817	
21	0.00917631	
22	0.00952631	
23	0.00984961	
24	0.0101624	
25	0.0104571	
26	0.0107194	
27	0.0109826	
28	0.0112153	
29	0.0114337	
30	0.0116339	
31	0.011817	
32	0.0119839	
33	0.0121298	
34	0.0122777	
35	0.0124007	
36	0.0125008	
37	0.0126067	
38	0.0126925	
39	0.0127612	
40	0.0128136	
41	0.0128537	
42	0.0128871	
43	0.0128976	
44	0.0128899	
45	0.0128718	
46	0.0128489	
47	0.0128079	
48	0.0127535	
49	0.0126858	
50	0.0126095	
51	0.0125151	
52	0.0124055	
53	0.0122872	
54	0.0121461	
55	0.0119973	
56	0.0118275	
57	0.0116349	
58	0.0114203	
59	0.0112162	
60	0.0109826	
61	0.010726	
62	0.0104504	
63	0.0101634	
64	0.00985724	
65	0.00953013	
66	0.00918204	
67	0.00881392	
68	0.00842482	
69	0.00801855	
70	0.00759032	
71	0.0071421	
72	0.00667575	
73	0.00618747	
74	0.00568298	
75	0.00516608	
76	0.00464347	
77	0.00411895	
78	0.00359632	
79	0.00306894	
80	0.00256158	
81	0.00207902	
82	0.00162984	
83	0.0012188	
84	0.000857357	
85	0.000557903	
86	0.000327112	
87	0.000172616	
88	9.63216E-5	
89	0.000102044	
90	0.000191689	
91	0.000359537	
92	0.000606541	
93	0.000916485	
94	0.00127984	
95	0.00169564	
96	0.00214387	
97	0.00262262	
98	0.00312044	
99	0.00362302	
100	0.0041323	
101	0.00464252	
102	0.00514701	
103	0.00564101	
104	0.00612548	
105	0.0065861	
106	0.00703338	
107	0.00746825	
108	0.00788409	
109	0.00828558	
110	0.00866705	
111	0.00902468	
112	0.0093661	
113	0.00968271	
114	0.00998598	
115	0.0102673	
116	0.0105334	
117	0.0107785	
118	0.0110083	
119	0.0112191	
120	0.0114127	
121	0.0115939	
122	0.0117579	
123	0.0119067	
124	0.0120431	
125	0.0121632	
126	0.0122719	
127	0.0123711	
128	0.012456	
129	0.0125323	
130	0.0125895	
131	0.0126277	
132	0.0126477	
133	0.0126496	
134	0.0126391	
135	0.0126219	
136	0.0126029	
137	0.0125924	
138	0.0125161	
139	0.0124264	
140	0.0123444	
141	0.0122519	
142	0.0121537	
143	0.0121079	
144	0.0119067	
145	0.011755	
146	0.0115986	
147	0.011426	
148	0.0112153	
149	0.0109921	
150	0.0107709	
151	0.0105181	
152	0.010253	
153	0.0099774	
154	0.00967795	
155	0.00935942	
156	0.00902373	
157	0.00867087	
158	0.00832468	
159	0.00794226	
160	0.00751022	
161	0.00732616	
162	0.00667289	
163	0.00626567	
164	0.00569347	
165	0.00520232	
166	0.00470546	
167	0.00435165	
168	0.00371839	
169	0.00316049	
170	0.00265791	
171	0.0021887	
172	0.00177193	
173	0.00133134	
174	0.000947002	
175	0.000626568	
176	0.000370981	
177	0.000183106	
178	7.34334E-5	
179	4.38693E-5	
180	9.44142E-5	
181	0.000225068	
182	0.000433924	
183	0.000711445	
184	0.00105	
185	0.00144387	
186	0.00187207	
187	0.00233842	
188	0.00282289	
189	0.00332548	
190	0.00383092	
191	0.00434497	
192	0.00485042	
193	0.00534633	
194	0.00582317	
195	0.00629237	
196	0.00674632	
197	0.00719741	
198	0.0078755	
199	0.00802046	
200	0.00837904	
201	0.00874335	
202	0.00907904	
203	0.00940996	
204	0.0097304	
205	0.010027	
206	0.0102807	
207	0.0105258	
208	0.0107623	
209	0.0109788	
210	0.0111771	
211	0.0113516	
212	0.0115185	
213	0.0116759	
214	0.0117961	
215	0.0119124	
216	0.0120211	
217	0.0121165	
218	0.0122023	
219	0.0122891	
220	0.0123463	
221	0.012394	
222	0.0124226	
223	0.0124331	
224	0.0124732	
225	0.0124598	
226	0.0124379	
227	0.0123816	
228	0.0123463	
229	0.0122843	
230	0.01221	
231	0.012107	
232	0.0119916	
233	0.0118952	
234	0.0117484	
235	0.0116025	
236	0.0115004	
237	0.0112668	
238	0.0110436	
239	0.0108185	
240	0.0105858	
241	0.0103446	
242	0.0100985	
243	0.00981337	
244	0.00951773	
245	0.00920206	
246	0.00887305	
247	0.00851732	
248	0.00814539	
249	0.0077534	
250	0.00734523	
251	0.00691226	
252	0.00646403	
253	0.00599959	
254	0.00551227	
255	0.00500968	
256	0.00450233	
257	0.00399879	
258	0.00348951	
259	0.00298502	
260	0.00249483	
261	0.00206377	
262	0.0021124	
263	0.00127412	
264	0.000836376	
265	0.000541691	
266	0.000318529	
267	0.000167848	
268	9.44142E-5	
269	0.000103951	
270	0.000192643	
271	0.000360491	
272	0.00060368	
273	0.000913624	
274	0.00127888	
275	0.00168896	
276	0.00213911	
277	0.0026169	
278	0.00311758	
279	0.00362398	
280	0.0041323	
281	0.00463775	
282	0.0051451	
283	0.00563815	
284	0.00612071	
285	0.00658897	
286	0.00704101	
287	0.0074797	
288	0.00789458	
289	0.0082913	
290	0.00868326	
291	0.00904471	
292	0.00938803	
293	0.00970274	
294	0.00998598	
295	0.0102864	
296	0.0105563	
297	0.0107852	
298	0.0110131	
299	0.0112486	
300	0.0114451	
301	0.0116301	
302	0.0117922	
303	0.0119343	
304	0.0120831	
305	0.0122033	
306	0.0123091	
307	0.0123902	
308	0.0124732	
309	0.0125619	
310	0.0126153	
311	0.0126658	
312	0.012704	
313	0.0127297	
314	0.0127421	
315	0.0127411	
316	0.0127259	
317	0.0126992	
318	0.012662	
319	0.0126086	
320	0.0125409	
321	0.0124436	
322	0.012353	
323	0.0122586	
324	0.0121365	
325	0.0120011	
326	0.0118466	
327	0.0116778	
328	0.0114918	
329	0.0112925	
330	0.0110751	
331	0.0108338	
332	0.0105782	
333	0.0103083	
334	0.0100184	
335	0.00971037	
336	0.00936323	
337	0.00902945	
338	0.00866133	
339	0.00827128	
340	0.0078612	
341	0.00743869	
342	0.00698379	
343	0.00650886	
344	0.00601485	
345	0.00550273	
346	0.00498393	
347	0.00445464	
348	0.00391677	
349	0.00337984	
350	0.0028515	
351	0.0023451	
352	0.00186444	
353	0.00142003	
354	0.00101853	
355	0.000672344	
356	0.000395777	
357	0.000196458	
358	7.91554E-5	
359	4.67303E-5	
360	0.000104905	