0	0.0224992	
2	0.0225068	
4	0.0225126	
6	0.0225221	
8	0.0225221	
10	0.0225145	
12	0.0225049	
14	0.0224859	
16	0.0224591	
18	0.0224153	
20	0.0223733	
22	0.0223161	
24	0.0222532	
26	0.022173	
28	0.0220758	
30	0.0219785	
32	0.0218641	
34	0.021742	
36	0.0216027	
38	0.0214425	
40	0.0213205	
42	0.0211297	
44	0.0209123	
46	0.0206643	
48	0.0204011	
50	0.0200979	
52	0.0197583	
54	0.0193826	
56	0.0189649	
58	0.0185052	
60	0.0179979	
62	0.0174466	
64	0.0168306	
66	0.0161229	
68	0.0153351	
70	0.0145054	
72	0.0135098	
74	0.0122452	
76	0.0110512	
78	0.00977331	
80	0.00843817	
82	0.007103	
84	0.00588229	
86	0.00492862	
88	0.00439456	
90	0.00437739	
92	0.00487712	
94	0.00580028	
96	0.00696567	
98	0.00827605	
100	0.00959402	
102	0.0108796	
104	0.0120812	
106	0.0131627	
108	0.0141335	
110	0.0150033	
112	0.0157892	
114	0.0164777	
116	0.0170785	
118	0.0176469	
120	0.0181657	
122	0.0186292	
124	0.019045	
126	0.0194227	
128	0.0197603	
130	0.0200559	
132	0.0203248	
134	0.0205747	
136	0.0208017	
138	0.0209962	
140	0.0211736	
142	0.0213166	
144	0.0214387	
146	0.0215303	
148	0.0216142	
150	0.0216848	
152	0.0217553	
154	0.0218297	
156	0.0219156	
158	0.0219842	
160	0.0220414	
162	0.0220758	
164	0.0221025	
166	0.0221292	
168	0.0221483	
170	0.0221826	
172	0.0222074	
174	0.0222265	
176	0.0222474	
178	0.022257	
180	0.0222608	