0	0.0210649	
2	0.0209981	
4	0.0209142	
6	0.0208226	
8	0.0207292	
10	0.0206243	
12	0.0205041	
14	0.0203687	
16	0.0202276	
18	0.0200826	
20	0.0199224	
22	0.019745	
24	0.0195638	
26	0.0193559	
28	0.019169	
30	0.0189725	
32	0.018778	
34	0.0185262	
36	0.0182687	
38	0.0180436	
40	0.0178071	
42	0.0175496	
44	0.0172921	
46	0.0170232	
48	0.0167867	
50	0.0164911	
52	0.016163	
54	0.0158349	
56	0.0154877	
58	0.0151158	
60	0.0147267	
62	0.0143109	
64	0.0138474	
66	0.0133515	
68	0.0128022	
70	0.0121995	
72	0.011612	
74	0.0108777	
76	0.0100918	
78	0.00924307	
80	0.00825888	
82	0.0072594	
84	0.00618747	
86	0.00505641	
88	0.00388719	
90	0.00274469	
92	0.00169183	
94	0.000835422	
96	0.000272753	
98	9.72752E-5	
100	0.000371935	
102	0.00107957	
104	0.0021515	
106	0.00345232	
108	0.00487903	
110	0.00631526	
112	0.00774768	
114	0.0090695	
116	0.0102788	
118	0.0113927	
120	0.0124684	
122	0.0134144	
124	0.0142785	
126	0.0150567	
128	0.0157338	
130	0.0163366	
132	0.0168992	
134	0.0174333	
136	0.017891	
138	0.0182992	
140	0.0186807	
142	0.0189916	
144	0.0193006	
146	0.0196592	
148	0.019909	
150	0.020136	
152	0.0203382	
154	0.0204679	
156	0.0206071	
158	0.0207406	
160	0.0208493	
162	0.0209428	
164	0.0210191	
166	0.0210878	
168	0.0211335	
170	0.0211774	
172	0.0212156	
174	0.0212003	
176	0.0211812	
178	0.0211564	
180	0.0211164	