0	0.015606	
1	0.0155488	
2	0.0155602	
3	0.0155869	
4	0.0156193	
5	0.0156556	
6	0.01569	
7	0.0157262	
8	0.0157701	
9	0.0158216	
10	0.0158693	
11	0.0159189	
12	0.0159665	
13	0.016018	
14	0.0160676	
15	0.0161287	
16	0.0161783	
17	0.0162317	
18	0.0162793	
19	0.0163327	
20	0.0163823	
21	0.0164338	
22	0.0164834	
23	0.0165311	
24	0.0165769	
25	0.0166169	
26	0.0166665	
27	0.0167943	
28	0.0167619	
29	0.0167943	
30	0.0168115	
31	0.0168287	
32	0.016842	
33	0.0168706	
34	0.016884	
35	0.0168973	
36	0.0168878	
37	0.0168782	
38	0.0168611	
39	0.0168401	
40	0.0169793	
41	0.0169603	
42	0.016905	
43	0.0168515	
44	0.0168153	
45	0.0167333	
46	0.0166742	
47	0.016657	
48	0.016575	
49	0.0164338	
50	0.0162088	
51	0.0161134	
52	0.0160218	
53	0.0159169	
54	0.0158082	
55	0.0156995	
56	0.0155736	
57	0.015442	
58	0.0153103	
59	0.0151539	
60	0.0150052	
61	0.014843	
62	0.014679	
63	0.0144997	
64	0.0143204	
65	0.0141316	
66	0.0139332	
67	0.0137292	
68	0.0135136	
69	0.0132905	
70	0.0130692	
71	0.012827	
72	0.0125847	
73	0.0123349	
74	0.0120717	
75	0.0118008	
76	0.01153	
77	0.0112496	
78	0.010994	
79	0.0107251	
80	0.0104638	
81	0.0102063	
82	0.00995833	
83	0.00972944	
84	0.0094834	
85	0.00928122	
86	0.00910956	
87	0.00896078	
88	0.00885016	
89	0.00876051	
90	0.00892454	
91	0.00889784	
92	0.00892454	
93	0.00896078	
94	0.009018	
95	0.00910956	
96	0.00921446	
97	0.00937468	
98	0.00930601	
99	0.00948149	
100	0.00970274	
101	0.00993544	
102	0.0101739	
103	0.0105992	
104	0.0107918	
105	0.0110322	
106	0.0112858	
107	0.0115204	
108	0.0117856	
109	0.0120602	
110	0.0123139	
111	0.01256	
112	0.0127984	
113	0.0130177	
114	0.0132237	
115	0.0136014	
116	0.0137921	
117	0.0141736	
118	0.0143777	
119	0.0141545	
120	0.0143166	
121	0.014473	
122	0.014618	
123	0.0147553	
124	0.0148926	
125	0.0150128	
126	0.015133	
127	0.0152398	
128	0.0153485	
129	0.015461	
130	0.0155736	
131	0.0156041	
132	0.0156842	
133	0.0157605	
134	0.015812	
135	0.0158693	
136	0.0159208	
137	0.0159627	
138	0.0160085	
139	0.0160333	
140	0.0161287	
141	0.0161763	
142	0.0161706	
143	0.0161439	
144	0.0161458	
145	0.0161535	
146	0.016163	
147	0.0161725	
148	0.0161744	
149	0.0161744	
150	0.0161706	
151	0.0161554	
152	0.0161458	
153	0.0161401	
154	0.0161477	
155	0.0161515	
156	0.0161096	
157	0.0161973	
158	0.016306	
159	0.0159932	
160	0.015936	
161	0.0158921	
162	0.015854	
163	0.0158197	
164	0.0157853	
165	0.0157472	
166	0.0156957	
167	0.0156728	
168	0.0156556	
169	0.0156327	
170	0.0156117	
171	0.0155888	
172	0.0155488	
173	0.0155316	
174	0.0155163	
175	0.0155068	
176	0.0154973	
177	0.0154954	
178	0.0154935	
179	0.0154973	
180	0.0155068	
181	0.0155488	
182	0.0155831	
183	0.0155717	
184	0.015585	
185	0.0156212	
186	0.0156537	
187	0.0156976	
188	0.0157262	
189	0.0157644	
190	0.0158063	
191	0.015854	
192	0.0159036	
193	0.015957	
194	0.0160123	
195	0.0160619	
196	0.0161077	
197	0.0161496	
198	0.0162011	
199	0.0162526	
200	0.016306	
201	0.0163461	
202	0.0163881	
203	0.0164281	
204	0.0164739	
205	0.0165101	
206	0.0165483	
207	0.016575	
208	0.0166093	
209	0.0166265	
210	0.0166513	
211	0.0166665	
212	0.016678	
213	0.0166913	
214	0.0166913	
215	0.0166894	
216	0.0166837	
217	0.0166837	
218	0.0166684	
219	0.0166684	
220	0.0166456	
221	0.0166169	
222	0.0165826	
223	0.0165387	
224	0.0164911	
225	0.0164434	
226	0.0163842	
227	0.0163194	
228	0.0162507	
229	0.0161821	
230	0.016102	
231	0.016018	
232	0.0159265	
233	0.0158216	
234	0.0157148	
235	0.0155964	
236	0.0154763	
237	0.0153428	
238	0.0151997	
239	0.0150529	
240	0.0148965	
241	0.0147343	
242	0.0145608	
243	0.0143777	
244	0.0141869	
245	0.0139905	
246	0.0137864	
247	0.0135766	
248	0.0133572	
249	0.013136	
250	0.0128976	
251	0.0126515	
252	0.0123978	
253	0.0121441	
254	0.0118771	
255	0.0116177	
256	0.0113412	
257	0.0110646	
258	0.0107918	
259	0.0105229	
260	0.0102521	
261	0.00999266	
262	0.00974089	
263	0.00949293	
264	0.00925833	
265	0.00905615	
266	0.00887686	
267	0.00871855	
268	0.00858313	
269	0.00848013	
270	0.00840956	
271	0.0083676	
272	0.00835997	
273	0.00839049	
274	0.00844961	
275	0.00854117	
276	0.00865942	
277	0.00880247	
278	0.00897795	
279	0.00917441	
280	0.00938612	
281	0.009615	
282	0.00984961	
283	0.0100957	
284	0.0103436	
285	0.0105992	
286	0.0108586	
287	0.011118	
288	0.0113736	
289	0.0116234	
290	0.0118809	
291	0.0121346	
292	0.0123768	
293	0.0126095	
294	0.0128308	
295	0.0130559	
296	0.0132733	
297	0.013485	
298	0.0136757	
299	0.0138665	
300	0.0140877	
301	0.0142441	
302	0.0144578	
303	0.0146943	
304	0.0148297	
305	0.0149594	
306	0.0150796	
307	0.015194	
308	0.0153027	
309	0.0154095	
310	0.0155011	
311	0.015585	
312	0.015669	
313	0.0157472	
314	0.015812	
315	0.0158578	
316	0.015936	
317	0.015999	
318	0.0159951	
319	0.016018	
320	0.0160505	
321	0.016081	
322	0.0160981	
323	0.0161134	
324	0.0161363	
325	0.0161477	
326	0.0161649	
327	0.0161744	
328	0.016184	
329	0.0161821	
330	0.0161611	
331	0.0161344	
332	0.0161115	
333	0.0161096	
334	0.0160733	
335	0.0158826	
336	0.0158216	
337	0.0159208	
338	0.0160981	
339	0.0160238	
340	0.015978	
341	0.015936	
342	0.0158807	
343	0.0158292	
344	0.0157892	
345	0.0157911	
346	0.015751	
347	0.0157243	
348	0.0156862	
349	0.0156614	
350	0.0156327	
351	0.0156155	
352	0.0155793	
353	0.0155564	
354	0.0155717	
355	0.0155373	
356	0.0154153	
357	0.0152569	
358	0.015236	
359	0.015236	
360	0.0152417	