0	0.018097	
2	0.0181142	
4	0.0181409	
6	0.0182058	
8	0.0182782	
10	0.0183736	
12	0.0184709	
14	0.0185643	
16	0.0186692	
18	0.0187646	
20	0.0188447	
22	0.0189477	
24	0.0190297	
26	0.019106	
28	0.0191633	
30	0.0192319	
32	0.0192739	
34	0.0192987	
36	0.0193044	
38	0.0192891	
40	0.0192529	
42	0.0191766	
44	0.0190793	
46	0.0189573	
48	0.0188218	
50	0.0186654	
52	0.0184575	
54	0.0182229	
56	0.0179578	
58	0.017666	
60	0.0173475	
62	0.016987	
64	0.0166093	
66	0.0162011	
68	0.0157567	
70	0.0152741	
72	0.0147572	
74	0.014206	
76	0.0136357	
78	0.0130444	
80	0.0124608	
82	0.0119134	
84	0.0114003	
86	0.0109501	
88	0.0106412	
90	0.010439	
92	0.0103779	
94	0.0104676	
96	0.0106984	
98	0.0110474	
100	0.0114861	
102	0.0119897	
104	0.0125294	
106	0.0130845	
108	0.0136357	
110	0.0141678	
112	0.0146599	
114	0.0151311	
116	0.0155697	
118	0.0159665	
120	0.0163251	
122	0.0166494	
124	0.0169507	
126	0.0172197	
128	0.0174428	
130	0.0176526	
132	0.0178376	
134	0.0179826	
136	0.0180932	
138	0.018221	
140	0.018387	
142	0.0184766	
144	0.0185376	
146	0.0186025	
148	0.0186712	
150	0.0187074	
152	0.0187341	
154	0.0186349	
156	0.0186025	
158	0.0185472	
160	0.0184747	
162	0.0184118	
164	0.0183336	
166	0.0182096	
168	0.0180875	
170	0.0180379	
172	0.0179712	
174	0.0179559	
176	0.017954	
178	0.0179597	
180	0.0179693	
182	0.0180322	
184	0.0179731	
186	0.0180074	
188	0.0180551	
190	0.0181428	
192	0.0182401	
194	0.0182954	
196	0.0183736	
198	0.018448	
200	0.0185224	
202	0.0185968	
204	0.0186731	
206	0.018736	
208	0.0187875	
210	0.0188409	
212	0.0189	
214	0.0189573	
216	0.0189859	
218	0.0189935	
220	0.0189725	
222	0.018942	
224	0.0188791	
226	0.0188066	
228	0.018694	
230	0.0185453	
232	0.0183679	
234	0.0181714	
236	0.0179349	
238	0.0176622	
240	0.0173665	
242	0.0170366	
244	0.0166799	
246	0.0162927	
248	0.0158826	
250	0.0154267	
252	0.0149289	
254	0.0144177	
256	0.0138722	
258	0.013321	
260	0.0127583	
262	0.0122414	
264	0.0117398	
266	0.0113373	
268	0.0110245	
270	0.01083	
272	0.0107709	
274	0.0108586	
276	0.0110837	
278	0.0114289	
280	0.011858	
282	0.0123444	
284	0.012867	
286	0.0134163	
288	0.0139542	
290	0.0144768	
292	0.0149766	
294	0.0154439	
296	0.0158788	
298	0.0162793	
300	0.0166456	
302	0.0169812	
304	0.0172673	
306	0.0175248	
308	0.0177671	
310	0.0179731	
312	0.0181562	
314	0.0183126	
316	0.018448	
318	0.0185643	
320	0.0186425	
322	0.0187017	
324	0.0187398	
326	0.0187608	
328	0.018757	
330	0.0187341	
332	0.0187074	
334	0.0186597	
336	0.0185968	
338	0.0185243	
340	0.0184537	
342	0.0183755	
344	0.0182706	
346	0.0182077	
348	0.0181295	
350	0.0180627	
352	0.0180055	
354	0.0179693	
356	0.0179387	
358	0.0179273	
360	0.0179216