0	0.0226804	
2	0.0226537	
4	0.0226079	
6	0.0225812	
8	0.0225221	
10	0.0224382	
12	0.0223485	
14	0.0222551	
16	0.0221502	
18	0.0220319	
20	0.0219117	
22	0.0217706	
24	0.0216237	
26	0.0214616	
28	0.0212861	
30	0.0211049	
32	0.0209028	
34	0.0206929	
36	0.020466	
38	0.020218	
40	0.0199624	
42	0.0196897	
44	0.0193979	
46	0.0190793	
48	0.0187341	
50	0.018366	
52	0.0179578	
54	0.0175153	
56	0.0170366	
58	0.0165178	
60	0.0159684	
62	0.0153676	
64	0.0147057	
66	0.0139676	
68	0.0131379	
70	0.0122243	
72	0.0112115	
74	0.0100976	
76	0.00887877	
78	0.00755122	
80	0.00612834	
82	0.00464633	
84	0.00316621	
86	0.00180627	
88	0.000738148	
90	0.000133515	
92	0.000118256	
94	0.000703815	
96	0.00178147	
98	0.00319482	
100	0.00478175	
102	0.00639346	
104	0.00796896	
106	0.00941283	
108	0.010748	
110	0.0119515	
112	0.0130292	
114	0.0139905	
116	0.0148602	
118	0.0156461	
120	0.0164243	
122	0.0170594	
124	0.017624	
126	0.0181371	
128	0.0186387	
130	0.018984	
132	0.0193444	
134	0.019703	
136	0.020033	
138	0.0203363	
140	0.020609	
142	0.0208436	
144	0.0210458	
146	0.0212251	
148	0.0213891	
150	0.0215398	
152	0.0216829	
154	0.0218202	
156	0.0219613	
158	0.0221025	
160	0.0222131	
162	0.0223066	
164	0.0223886	
166	0.0224553	
168	0.0225126	
170	0.0225698	
172	0.0226079	
174	0.0226384	
176	0.0226575	
178	0.0226575	
180	0.0226346	