0	0.00376703	
1	0.00358583	
2	0.00356103	
3	0.00384142	
4	0.0043793	
5	0.00507167	
6	0.00585178	
7	0.00667003	
8	0.0074921	
9	0.00824362	
10	0.00894171	
11	0.00959402	
12	0.0101872	
13	0.0107213	
14	0.0112057	
15	0.0116444	
16	0.0120488	
17	0.0124188	
18	0.0127698	
19	0.0130845	
20	0.013382	
21	0.0136452	
22	0.0138913	
23	0.014124	
24	0.0143376	
25	0.0145245	
26	0.0147076	
27	0.0148888	
28	0.015049	
29	0.0152016	
30	0.0153409	
31	0.015461	
32	0.0155812	
33	0.0156881	
34	0.0157892	
35	0.0158826	
36	0.0159627	
37	0.0160409	
38	0.0161077	
39	0.0161687	
40	0.0162183	
41	0.0162526	
42	0.016287	
43	0.016308	
44	0.0163213	
45	0.0163213	
46	0.0163156	
47	0.016306	
48	0.0162793	
49	0.016245	
50	0.016205	
51	0.0161496	
52	0.016081	
53	0.0160104	
54	0.0159341	
55	0.0158426	
56	0.0157415	
57	0.0156308	
58	0.0155106	
59	0.0153828	
60	0.0152474	
61	0.0150986	
62	0.0149403	
63	0.0147706	
64	0.0145894	
65	0.0144005	
66	0.0141888	
67	0.0139657	
68	0.0137444	
69	0.0134946	
70	0.0132161	
71	0.0129166	
72	0.0125962	
73	0.0122491	
74	0.0118561	
75	0.0114308	
76	0.0109578	
77	0.0104504	
78	0.00987631	
79	0.00921446	
80	0.00848585	
81	0.00767139	
82	0.00677302	
83	0.00578502	
84	0.00473788	
85	0.00367357	
86	0.00264169	
87	0.00177003	
88	0.00117875	
89	0.000957493	
90	0.00116158	
91	0.00174523	
92	0.00262643	
93	0.00366212	
94	0.00475124	
95	0.00584605	
96	0.00688174	
97	0.00780872	
98	0.008627	
99	0.00938612	
100	0.010048	
101	0.0106507	
102	0.0111828	
103	0.0116482	
104	0.0120392	
105	0.0124398	
106	0.0128079	
107	0.0131493	
108	0.013464	
109	0.013752	
110	0.0140267	
111	0.0142785	
112	0.0145112	
113	0.0147248	
114	0.0149327	
115	0.015133	
116	0.0153142	
117	0.0154839	
118	0.0156518	
119	0.0158159	
120	0.0159589	
121	0.0160943	
122	0.0162317	
123	0.0163518	
124	0.0164567	
125	0.0165597	
126	0.0166608	
127	0.0167409	
128	0.0168267	
129	0.0168973	
130	0.0169507	
131	0.0170137	
132	0.0170575	
133	0.0170823	
134	0.0171052	
135	0.0171167	
136	0.0171224	
137	0.0171205	
138	0.0171167	
139	0.0170938	
140	0.0170652	
141	0.0170194	
142	0.016987	
143	0.0169317	
144	0.0168649	
145	0.0167981	
146	0.016718	
147	0.0166265	
148	0.0165311	
149	0.0164281	
150	0.0163137	
151	0.0161878	
152	0.0160543	
153	0.0159093	
154	0.0157605	
155	0.0155926	
156	0.0154191	
157	0.0152283	
158	0.01503	
159	0.0148163	
160	0.0145989	
161	0.0143605	
162	0.0140935	
163	0.0138169	
164	0.0135136	
165	0.0131875	
166	0.0128327	
167	0.0124493	
168	0.0120297	
169	0.0115662	
170	0.0110493	
171	0.0104848	
172	0.00986296	
173	0.00917441	
174	0.00841147	
175	0.00757983	
176	0.00671199	
177	0.00582126	
178	0.00495914	
179	0.00419429	
180	0.00363733	
181	0.00336649	
182	0.00342752	
183	0.00381471	
184	0.00445369	
185	0.00524142	
186	0.00611117	
187	0.00696567	
188	0.00786024	
189	0.00866514	
190	0.00939375	
191	0.0100537	
192	0.0106412	
193	0.0111619	
194	0.0116521	
195	0.0120869	
196	0.0124856	
197	0.0128613	
198	0.0131741	
199	0.0134869	
200	0.0137787	
201	0.0140515	
202	0.0143071	
203	0.014536	
204	0.0147496	
205	0.0149537	
206	0.0151387	
207	0.0153161	
208	0.0154725	
209	0.015606	
210	0.0157377	
211	0.0158731	
212	0.0159932	
213	0.0161077	
214	0.0162088	
215	0.016306	
216	0.0163881	
217	0.0164644	
218	0.0165292	
219	0.0165845	
220	0.016636	
221	0.0166723	
222	0.0166913	
223	0.0167085	
224	0.0167085	
225	0.0167085	
226	0.016697	
227	0.016678	
228	0.0166513	
229	0.0166093	
230	0.0165654	
231	0.0165101	
232	0.0164491	
233	0.0163747	
234	0.0162908	
235	0.0161897	
236	0.0160829	
237	0.0159703	
238	0.0158445	
239	0.0157167	
240	0.0155717	
241	0.015421	
242	0.015255	
243	0.0150738	
244	0.0148888	
245	0.0146866	
246	0.0144711	
247	0.0142403	
248	0.0139886	
249	0.0137196	
250	0.0134316	
251	0.0131245	
252	0.0127736	
253	0.0130292	
254	0.0126095	