0	0.029955	
1	0.0299932	
2	0.0300237	
3	0.0300428	
4	0.0300733	
5	0.0301038	
6	0.0301496	
7	0.0301801	
8	0.0302564	
9	0.0302888	
10	0.0303346	
11	0.0303823	
12	0.0304319	
13	0.0304986	
14	0.0305406	
15	0.0305978	
16	0.0306226	
17	0.0306588	
18	0.0307275	
19	0.0307389	
20	0.0307866	
21	0.0308172	
22	0.0308534	
23	0.0308172	
24	0.0308839	
25	0.0309354	
26	0.030882	
27	0.0309068	
28	0.030903	
29	0.0308858	
30	0.0308496	
31	0.0308343	
32	0.0308057	
33	0.0307962	
34	0.0307618	
35	0.0307008	
36	0.0306264	
37	0.0305578	
38	0.030512	
39	0.030409	
40	0.0303231	
41	0.0302221	
42	0.0301324	
43	0.0300142	
44	0.0298902	
45	0.0297738	
46	0.029627	
47	0.0294744	
48	0.0293161	
49	0.0291597	
50	0.0289747	
51	0.0287877	
52	0.0285875	
53	0.0283777	
54	0.0281564	
55	0.0279123	
56	0.0276681	
57	0.0274163	
58	0.0271741	
59	0.0268289	
60	0.026558	
61	0.0262128	
62	0.0259172	
63	0.0256082	
64	0.0252458	
65	0.0249158	
66	0.0245286	
67	0.0241491	
68	0.0237523	
69	0.0233556	
70	0.0229741	
71	0.0225412	
72	0.0220701	
73	0.0215627	
74	0.0210725	
75	0.0206643	
76	0.020157	
77	0.0196592	
78	0.0192281	
79	0.0187303	
80	0.0182821	
81	0.0178319	
82	0.017399	
83	0.0169927	
84	0.016596	
85	0.0162412	
86	0.0159799	
87	0.0157624	
88	0.0155736	
89	0.0154057	
90	0.0153409	
91	0.0153084	
92	0.0153542	
93	0.01544	
94	0.0155945	
95	0.0158368	
96	0.0161077	
97	0.0164109	
98	0.0167409	
99	0.0171186	
100	0.017521	
101	0.0179292	
102	0.0183755	
103	0.0188142	
104	0.0192109	
105	0.0197126	
106	0.0201513	
107	0.0206834	
108	0.0210992	
109	0.0215322	
110	0.0219327	
111	0.0223428	
112	0.0227376	
113	0.0231458	
114	0.0235063	
115	0.0238725	
116	0.0242368	
117	0.0245725	
118	0.0248853	
119	0.0251886	
120	0.0254861	
121	0.0257703	
122	0.0260412	
123	0.0263025	
124	0.0265523	
125	0.0267946	
126	0.0270253	
127	0.0272409	
128	0.0277349	
129	0.0278722	
130	0.0280744	
131	0.0281163	
132	0.0282785	
133	0.0283262	
134	0.0283948	
135	0.0285169	
136	0.0286371	
137	0.0287458	
138	0.028845	
139	0.0289422	
140	0.0290319	
141	0.0291177	
142	0.0291864	
143	0.0292302	
144	0.0292836	
145	0.0293256	
146	0.0293523	
147	0.0293733	
148	0.0294038	
149	0.029442	
150	0.0296499	
151	0.0296708	
152	0.0296632	
153	0.0296346	
154	0.0310365	
155	0.0317805	
156	0.0293638	
157	0.0293771	
158	0.0293313	
159	0.0293905	
160	0.0293256	
161	0.0293294	
162	0.0292608	
163	0.0293618	
164	0.0292436	
165	0.0292608	
166	0.0291711	
167	0.0290853	
168	0.0290738	
169	0.0290605	
170	0.0290605	
171	0.0291673	
172	0.0292512	
173	0.0292073	
174	0.0291406	
175	0.0291406	
176	0.0291406	
177	0.0291539	
178	0.0291902	
179	0.0292455	
180	0.0292722	
181	0.0293123	
182	0.0293638	
183	0.0294172	
184	0.0294801	
185	0.0295392	
186	0.029606	
187	0.0296823	
188	0.0297471	
189	0.0298234	
190	0.029894	
191	0.0299703	
192	0.0300447	
193	0.0301172	
194	0.0301896	
195	0.0302602	
196	0.0303308	
197	0.0303975	
198	0.0304643	
199	0.0305406	
200	0.0305978	
201	0.0306493	
202	0.0306989	
203	0.0307409	
204	0.0307828	
205	0.0308152	
206	0.0308381	
207	0.0308763	
208	0.0309469	
209	0.0309831	
210	0.0309278	
211	0.030903	
212	0.0308744	
213	0.0308553	
214	0.0308305	
215	0.0307943	
216	0.0307561	
217	0.030697	
218	0.0306474	
219	0.0305787	
220	0.0305082	
221	0.0304204	
222	0.0303212	
223	0.0302163	
224	0.0301038	
225	0.0299588	
226	0.0298463	
227	0.0298234	
228	0.029543	
229	0.0292665	
230	0.0290853	
231	0.0288945	
232	0.0286885	
233	0.0284711	
234	0.0281621	
235	0.0279123	
236	0.0276567	
237	0.0273782	
238	0.027094	
239	0.0267926	
240	0.0264779	
241	0.0261537	
242	0.0258218	
243	0.0254689	
244	0.0251008	
245	0.0247213	
246	0.0243245	
247	0.0239164	
248	0.0234967	
249	0.0230561	
250	0.0226003	
251	0.0221406	
252	0.0216619	
253	0.0211698	
254	0.0206605	
255	0.0201532	
256	0.0196401	
257	0.019127	
258	0.0186082	
259	0.0181066	
260	0.0176145	
261	0.0171453	
262	0.0166913	
263	0.0162736	
264	0.0158941	
265	0.0155602	
266	0.0152722	
267	0.0150357	
268	0.0148659	
269	0.0147591	
270	0.014721	
271	0.0147572	
272	0.0148564	
273	0.0150223	
274	0.0152455	
275	0.015524	
276	0.0158483	
277	0.0162088	
278	0.016596	
279	0.0170156	
280	0.0174505	
281	0.0178968	
282	0.0183526	
283	0.0188085	
284	0.0192662	
285	0.0197259	
286	0.020178	
287	0.0206243	
288	0.0210592	
289	0.0214864	
290	0.0219003	
291	0.0222989	
292	0.0226842	
293	0.02306	
294	0.0234224	
295	0.0237657	
296	0.0240957	
297	0.0244161	
298	0.0247251	
299	0.0250169	
300	0.0252954	
301	0.0255586	
302	0.0258142	
303	0.0260583	
304	0.026291	
305	0.0265123	
306	0.0267259	
307	0.0269262	
308	0.0271169	
309	0.0272924	
310	0.027464	
311	0.0276319	
312	0.0277864	
313	0.0279294	
314	0.0280668	
315	0.0281926	
316	0.028309	
317	0.0284177	
318	0.0285131	
319	0.0286027	
320	0.0286866	
321	0.0287591	
322	0.0288259	
323	0.0288888	
324	0.0289422	
325	0.0289899	
326	0.0290319	
327	0.0290624	
328	0.029091	
329	0.0291139	
330	0.029133	
331	0.029152	
332	0.0291635	
333	0.0291673	
334	0.0291711	
335	0.0291711	
336	0.0291673	
337	0.0291635	
338	0.0291539	
339	0.0291425	
340	0.0291387	
341	0.0291253	
342	0.029112	
343	0.0291005	
344	0.0290891	
345	0.0290776	
346	0.02907	
347	0.0290624	
348	0.0290586	
349	0.0290529	
350	0.0290567	
351	0.0290605	
352	0.0290643	
353	0.0290738	
354	0.0290796	
355	0.0290948	
356	0.029112	
357	0.0291349	
358	0.0291578	
359	0.0291902	
360	0.0292188	