0	0.00787741	
1	0.00776103	
2	0.00761703	
3	0.00746539	
4	0.00721267	
5	0.00706103	
6	0.00695136	
7	0.00682071	
8	0.0064564	
9	0.00623611	
10	0.00613883	
11	0.00602153	
12	0.00590613	
13	0.00579455	
14	0.00569347	
15	0.00560477	
16	0.00552371	
17	0.00548175	
18	0.00539497	
19	0.00557521	
20	0.00547603	
21	0.0053921	
22	0.00539497	
23	0.00541404	
24	0.00547221	
25	0.00546649	
26	0.00553325	
27	0.00560001	
28	0.00568202	
29	0.00576308	
30	0.00586417	
31	0.00597098	
32	0.00605014	
33	0.00617602	
34	0.00631717	
35	0.00644591	
36	0.00657275	
37	0.00671676	
38	0.00688079	
39	0.00702193	
40	0.00717261	
41	0.00731376	
42	0.00747493	
43	0.00763991	
44	0.00777343	
45	0.00792319	
46	0.00805002	
47	0.00819212	
48	0.00832468	
49	0.00844198	
50	0.00847346	
51	0.00858504	
52	0.00870615	
53	0.00880247	
54	0.00889403	
55	0.00902182	
56	0.00914484	
57	0.00922304	
58	0.00928599	
59	0.00934416	
60	0.00939661	
61	0.00944239	
62	0.00948435	
63	0.0095225	
64	0.00960261	
65	0.00963122	
66	0.00959593	
67	0.00956351	
68	0.00956255	
69	0.00957686	
70	0.00955492	
71	0.00953299	
72	0.00950915	
73	0.00943953	
74	0.00938803	
75	0.00932986	
76	0.00926501	
77	0.00919539	
78	0.00911146	
79	0.00903326	
80	0.00894648	
81	0.00883204	
82	0.00872523	
83	0.0086289	
84	0.00852114	
85	0.00841528	
86	0.00829512	
87	0.00817782	
88	0.0080815	
89	0.00795752	
90	0.00781733	
91	0.00765327	
92	0.0075188	
93	0.00736812	
94	0.00721553	
95	0.00708202	
96	0.00695422	
97	0.0068188	
98	0.00667956	
99	0.00653079	
100	0.00640681	
101	0.00627616	
102	0.00617412	
103	0.00607494	
104	0.00599387	
105	0.00589755	
106	0.005806	
107	0.00576022	
108	0.00570968	
109	0.00563338	
110	0.00560954	
111	0.00559047	
112	0.00558951	
113	0.00558856	
114	0.00560954	
115	0.00565627	
116	0.00571445	
117	0.00576022	
118	0.00584224	
119	0.00591281	
120	0.00601581	
121	0.00609878	
122	0.00621608	
123	0.00634673	
124	0.0064688	
125	0.00657657	
126	0.0067282	
127	0.00684932	
128	0.00700858	
129	0.00717261	
130	0.00737479	
131	0.00754073	
132	0.00760463	
133	0.00774482	
134	0.00787836	
135	0.00809675	
136	0.00816733	
137	0.00828749	
138	0.00842196	
139	0.00855738	
140	0.00868803	
141	0.00882632	
142	0.00886065	
143	0.00902468	
144	0.00931078	
145	0.00918394	
146	0.00927168	
147	0.00932318	
148	0.00938326	
149	0.00946242	
150	0.00951391	
151	0.00956637	
152	0.00960737	
153	0.00964552	
154	0.00956446	
155	0.00967604	
156	0.00969797	
157	0.0096007	
158	0.00964552	
159	0.00965029	
160	0.00963122	
161	0.00959402	
162	0.00956064	
163	0.00951964	
164	0.0094853	
165	0.00943762	
166	0.00939184	
167	0.00932318	
168	0.00927645	
169	0.00919729	
170	0.0091086	
171	0.00902277	
172	0.00891882	
173	0.00882059	
174	0.00872713	
175	0.00852686	
176	0.00840765	
177	0.00827891	
178	0.0081473	
179	0.00807577	
180	0.00790888	
181	0.00776103	
182	0.00763896	
183	0.0074282	
184	0.00732806	
185	0.00716498	
186	0.00710014	
187	0.00696376	
188	0.00683501	
189	0.00669101	
190	0.00656608	
191	0.00644401	
192	0.00631908	
193	0.00622752	
194	0.00613216	
195	0.00603488	
196	0.00595763	
197	0.00587466	
198	0.00580028	
199	0.00575355	
200	0.0057154	
201	0.00571349	
202	0.00570586	
203	0.00570872	
204	0.00571826	
205	0.00574687	
206	0.00579074	
207	0.00583842	
208	0.00590423	
209	0.00597671	
210	0.00605205	
211	0.00614741	
212	0.00625613	
213	0.00635913	
214	0.00648502	
215	0.00661471	
216	0.0067282	
217	0.00685695	
218	0.007	
219	0.00726226	
220	0.00727943	
221	0.00742248	
222	0.00755218	
223	0.00767615	
224	0.00783068	
225	0.00787932	
226	0.0082646	
227	0.00819498	
228	0.00828558	
229	0.00840575	
230	0.00850683	
231	0.00862414	
232	0.00872046	
233	0.00884062	
234	0.00890547	
235	0.00903898	
236	0.00911337	
237	0.00918013	
238	0.00924879	
239	0.00932795	
240	0.00945288	
241	0.00943381	
242	0.00949198	
243	0.00951201	
244	0.00953299	
245	0.0095349	
246	0.00954539	
247	0.00955778	
248	0.00956064	
249	0.00954729	
250	0.00950819	
251	0.0094977	
252	0.00947386	
253	0.00943953	
254	0.00939184	
255	0.00933939	
256	0.0092507	
257	0.00918299	
258	0.00910002	
259	0.009018	
260	0.00893313	
261	0.00886256	
262	0.00885111	
263	0.00871474	
264	0.00860506	
265	0.00850493	
266	0.00836283	
267	0.00835329	
268	0.00820738	
269	0.00793844	
270	0.00777152	
271	0.00782019	
272	0.00747684	
273	0.00732043	
274	0.00735667	
275	0.0070782	
276	0.0069094	
277	0.00677016	
278	0.00662807	
279	0.00656798	
280	0.00775817	
281	0.00626472	
282	0.00621322	
283	0.00638869	
284	0.00639632	
285	0.00589755	
286	0.00586227	
287	0.0056372	
288	0.00558951	
289	0.00554755	
290	0.0054045	
291	0.00533012	
292	0.00547031	
293	0.00547889	
294	0.00549796	
295	0.00552085	
296	0.0055609	
297	0.0056248	
298	0.00552371	