0.000	0.018
1.000	0.018
2.000	0.018
3.000	0.018
4.000	0.018
5.000	0.018
6.000	0.019
7.000	0.019
8.000	0.019
9.000	0.019
10.000	0.019
11.000	0.019
12.000	0.019
13.000	0.019
14.000	0.019
15.000	0.019
16.000	0.019
17.000	0.019
18.000	0.019
19.000	0.019
20.000	0.019
21.000	0.019
22.000	0.019
23.000	0.019
24.000	0.019
25.000	0.019
26.000	0.019
27.000	0.019
28.000	0.019
29.000	0.019
30.000	0.020
31.000	0.020
32.000	0.020
33.000	0.020
34.000	0.020
35.000	0.020
36.000	0.020
37.000	0.020
38.000	0.020
39.000	0.020
40.000	0.020
41.000	0.020
42.000	0.020
43.000	0.019
44.000	0.019
45.000	0.019
46.000	0.019
47.000	0.019
48.000	0.019
49.000	0.019
50.000	0.019
51.000	0.019
52.000	0.019
53.000	0.019
54.000	0.019
55.000	0.019
56.000	0.018
57.000	0.018
58.000	0.018
59.000	0.018
60.000	0.018
61.000	0.018
62.000	0.018
63.000	0.017
64.000	0.017
65.000	0.017
66.000	0.017
67.000	0.017
68.000	0.016
69.000	0.016
70.000	0.016
71.000	0.016
72.000	0.015
73.000	0.015
74.000	0.015
75.000	0.014
76.000	0.014
77.000	0.014
78.000	0.014
79.000	0.013
80.000	0.013
81.000	0.013
82.000	0.013
83.000	0.012
84.000	0.012
85.000	0.012
86.000	0.011
87.000	0.011
88.000	0.011
89.000	0.011
90.000	0.011
91.000	0.011
92.000	0.011
93.000	0.011
94.000	0.011
95.000	0.011
96.000	0.011
97.000	0.011
98.000	0.012
99.000	0.012
100.000	0.012
101.000	0.012
102.000	0.013
103.000	0.013
104.000	0.013
105.000	0.013
106.000	0.014
107.000	0.014
108.000	0.014
109.000	0.015
110.000	0.015
111.000	0.015
112.000	0.015
113.000	0.016
114.000	0.016
115.000	0.016
116.000	0.016
117.000	0.016
118.000	0.017
119.000	0.017
120.000	0.017
121.000	0.017
122.000	0.017
123.000	0.017
124.000	0.018
125.000	0.018
126.000	0.018
127.000	0.018
128.000	0.018
129.000	0.018
130.000	0.018
131.000	0.018
132.000	0.018
133.000	0.018
134.000	0.018
135.000	0.018
136.000	0.019
137.000	0.019
138.000	0.019
139.000	0.019
140.000	0.019
141.000	0.019
142.000	0.019
143.000	0.019
144.000	0.019
145.000	0.019
146.000	0.019
147.000	0.019
148.000	0.019
149.000	0.019
150.000	0.019
151.000	0.019
152.000	0.019
153.000	0.019
154.000	0.019
155.000	0.019
156.000	0.019
157.000	0.019
158.000	0.018
159.000	0.018
160.000	0.018
161.000	0.018
162.000	0.018
163.000	0.018
164.000	0.018
165.000	0.018
166.000	0.018
167.000	0.018
168.000	0.018
169.000	0.018
170.000	0.018
171.000	0.018
172.000	0.018
173.000	0.018
174.000	0.018
175.000	0.018
176.000	0.018
177.000	0.018
178.000	0.018
179.000	0.018
180.000	0.018
181.000	0.018
182.000	0.018
183.000	0.018
184.000	0.018
185.000	0.018
186.000	0.018
187.000	0.018
188.000	0.018
189.000	0.018
190.000	0.018
191.000	0.018
192.000	0.018
193.000	0.018
194.000	0.018
195.000	0.018
196.000	0.019
197.000	0.019
198.000	0.019
199.000	0.019
200.000	0.019
201.000	0.019
202.000	0.019
203.000	0.019
204.000	0.019
205.000	0.019
206.000	0.019
207.000	0.019
208.000	0.019
209.000	0.019
210.000	0.019
211.000	0.019
212.000	0.019
213.000	0.019
214.000	0.019
215.000	0.019
216.000	0.019
217.000	0.019
218.000	0.019
219.000	0.019
220.000	0.019
221.000	0.019
222.000	0.019
223.000	0.019
224.000	0.019
225.000	0.019
226.000	0.019
227.000	0.019
228.000	0.019
229.000	0.019
230.000	0.019
231.000	0.019
232.000	0.019
233.000	0.019
234.000	0.019
235.000	0.019
236.000	0.018
237.000	0.018
238.000	0.018
239.000	0.018
240.000	0.018
241.000	0.018
242.000	0.018
243.000	0.017
244.000	0.017
245.000	0.017
246.000	0.017
247.000	0.017
248.000	0.017
249.000	0.016
250.000	0.016
251.000	0.016
252.000	0.016
253.000	0.015
254.000	0.015
255.000	0.015
256.000	0.014
257.000	0.014
258.000	0.014
259.000	0.014
260.000	0.013
261.000	0.013
262.000	0.013
263.000	0.013
264.000	0.012
265.000	0.012
266.000	0.012
267.000	0.012
268.000	0.012
269.000	0.012
270.000	0.011
271.000	0.011
272.000	0.011
273.000	0.011
274.000	0.011
275.000	0.012
276.000	0.012
277.000	0.012
278.000	0.012
279.000	0.012
280.000	0.012
281.000	0.013
282.000	0.013
283.000	0.013
284.000	0.013
285.000	0.014
286.000	0.014
287.000	0.014
288.000	0.014
289.000	0.015
290.000	0.015
291.000	0.015
292.000	0.015
293.000	0.016
294.000	0.016
295.000	0.016
296.000	0.016
297.000	0.017
298.000	0.017
299.000	0.017
300.000	0.017
301.000	0.017
302.000	0.017
303.000	0.018
304.000	0.018
305.000	0.018
306.000	0.018
307.000	0.018
308.000	0.018
309.000	0.018
310.000	0.018
311.000	0.018
312.000	0.019
313.000	0.019
314.000	0.019
315.000	0.019
316.000	0.019
317.000	0.019
318.000	0.019
319.000	0.019
320.000	0.019
321.000	0.019
322.000	0.019
323.000	0.019
324.000	0.019
325.000	0.019
326.000	0.019
327.000	0.019
328.000	0.019
329.000	0.019
330.000	0.019
331.000	0.019
332.000	0.019
333.000	0.019
334.000	0.019
335.000	0.019
336.000	0.019
337.000	0.019
338.000	0.019
339.000	0.019
340.000	0.019
341.000	0.019
342.000	0.019
343.000	0.019
344.000	0.019
345.000	0.019
346.000	0.019
347.000	0.019
348.000	0.019
349.000	0.019
350.000	0.018
351.000	0.018
352.000	0.018
353.000	0.018
354.000	0.018
355.000	0.018
356.000	0.018
357.000	0.018
358.000	0.018
359.000	0.018
360.000	0.018
361.000	0.000
