0	0.0191003	
2	0.0191194	
4	0.0191251	
6	0.0191423	
8	0.0191842	
10	0.0192472	
12	0.0193158	
14	0.0193921	
16	0.0194494	
18	0.0195047	
20	0.0195352	
22	0.0195714	
24	0.0196038	
26	0.0196248	
28	0.0196382	
30	0.0196306	
32	0.0196172	
34	0.0195886	
36	0.0195543	
38	0.0195009	
40	0.0194265	
42	0.0193483	
44	0.0192357	
46	0.0191175	
48	0.0189744	
50	0.0188009	
52	0.0186006	
54	0.0183736	
56	0.0181257	
58	0.0178567	
60	0.0175573	
62	0.0172063	
64	0.0168344	
66	0.0163976	
68	0.0159303	
70	0.0154133	
72	0.0148507	
74	0.0142136	
76	0.013546	
78	0.0128384	
80	0.0121022	
82	0.0113564	
84	0.0106412	
86	0.0100041	
88	0.00948912	
90	0.00915533	
92	0.00902563	
94	0.00914961	
96	0.00946242	
98	0.0100022	
100	0.0106297	
102	0.0113259	
104	0.0120431	
106	0.0127621	
108	0.0134507	
110	0.014061	
112	0.0146542	
114	0.0151902	
116	0.0156633	
118	0.0160905	
120	0.016472	
122	0.0168058	
124	0.0171243	
126	0.0174466	
128	0.0177118	
130	0.0179578	
132	0.0181829	
134	0.0183698	
136	0.0185262	
138	0.0186597	
140	0.0187627	
142	0.0188504	
144	0.0189363	
146	0.0190088	
148	0.019066	
150	0.0190965	
152	0.0191194	
154	0.0191213	
156	0.0191404	
158	0.0191442	
160	0.0191499	
162	0.0191423	
164	0.0191308	
166	0.019127	
168	0.0191194	
170	0.0191156	
172	0.0191175	
174	0.019127	
176	0.0191423	
178	0.0191575	
180	0.0191747	