0	0.0265599	
2	0.0267907	
4	0.0266572	
6	0.0268079	
8	0.0269872	
10	0.027239	
12	0.0274717	
14	0.0277635	
16	0.0280305	
18	0.0283262	
20	0.0286351	
22	0.0289079	
24	0.0291826	
26	0.0294362	
28	0.0296479	
30	0.0298368	
32	0.0299836	
34	0.0301019	
36	0.0301801	
38	0.030224	
40	0.0303174	
42	0.0302354	
44	0.0301667	
46	0.0300809	
48	0.0298539	
50	0.0296441	
52	0.029421	
54	0.0291291	
56	0.0287992	
58	0.0284406	
60	0.028042	
62	0.027609	
64	0.0271245	
66	0.0265886	
68	0.0260354	
70	0.0254556	
72	0.0248491	
74	0.0242215	
76	0.0235997	
78	0.0229837	
80	0.022421	
82	0.0219079	
84	0.0214406	
86	0.0210954	
88	0.0208493	
90	0.0207464	
92	0.0207769	
94	0.0208741	
96	0.0211622	
98	0.0215245	
100	0.0219499	
102	0.0224477	
104	0.0230047	
106	0.0235692	
108	0.0241472	
110	0.0247155	
112	0.0252591	
114	0.0257913	
116	0.0263063	
118	0.0268537	
120	0.0272523	
122	0.0276433	
124	0.0279123	
126	0.0283281	
128	0.0285856	
130	0.0288011	
132	0.0289384	
134	0.0290414	
136	0.0291978	
138	0.0293237	
140	0.0294439	
142	0.0294801	
144	0.0294477	
146	0.029461	
148	0.0294362	
150	0.029337	
152	0.029215	
154	0.0291616	
156	0.0290395	
158	0.0288965	
160	0.0286981	
162	0.0285035	
164	0.0282766	
166	0.0281011	
168	0.0279142	
170	0.0277463	
172	0.0275956	
174	0.0274831	
176	0.0274125	
178	0.0273763	
180	0.0273649	