0	7.62945E-6	
1	1.81199E-5	
2	3.52862E-5	
3	5.96049E-5	
4	9.10764E-5	
5	0.000127793	
6	0.000171185	
7	0.000220777	
8	0.000277044	
9	0.000337841	
10	0.000403645	
11	0.000475409	
12	0.000552658	
13	0.000631813	
14	0.000715259	
15	0.000766281	
16	0.000848774	
17	0.000962261	
18	0.0010624	
19	0.00115515	
20	0.0012467	
21	0.00133539	
22	0.00142551	
23	0.0015154	
24	0.00160337	
25	0.00168229	
26	0.00176359	
27	0.00183774	
28	0.00190903	
29	0.0019715	
30	0.00203563	
31	0.00209071	
32	0.00214793	
33	0.00219418	
34	0.00224043	
35	0.0022781	
36	0.00230767	
37	0.00233366	
38	0.00235511	
39	0.00236894	
40	0.0023625	
41	0.0023718	
42	0.00238539	
43	0.00238706	
44	0.00238921	
45	0.00238802	
46	0.00237514	
47	0.00235297	
48	0.00234486	
49	0.00231983	
50	0.00229122	
51	0.00225855	
52	0.00222065	
53	0.00217797	
54	0.00212933	
55	0.00207688	
56	0.00201584	
57	0.00195529	
58	0.00189162	
59	0.00182105	
60	0.00175119	
61	0.00167824	
62	0.00159717	
63	0.00151635	
64	0.00143815	
65	0.00135518	
66	0.00127412	
67	0.00119115	
68	0.00110842	
69	0.00102521	
70	0.000941996	
71	0.000859264	
72	0.00077844	
73	0.000699285	
74	0.000621323	
75	0.000546936	
76	0.000474693	
77	0.000407936	
78	0.000344278	
79	0.000284912	
80	0.00023079	
81	0.000181437	
82	0.000137807	
83	0.000100136	
84	6.89034E-5	
85	4.36308E-5	
86	2.47956E-5	
87	1.26362E-5	
88	7.15259E-6	
89	8.34471E-6	
90	1.69278E-5	
91	3.14715E-5	
92	5.41213E-5	
93	8.41622E-5	
94	0.000119925	
95	0.000163079	
96	0.000211717	
97	0.000266554	
98	0.000327112	
99	0.000391962	
100	0.00046158	
101	0.000538353	
102	0.000617269	
103	0.000705723	
104	0.0007906	
105	0.00088096	
106	0.000964407	
107	0.00104667	
108	0.00120021	
109	0.00123907	
110	0.00132943	
111	0.00141502	
112	0.00150204	
113	0.00158525	
114	0.00165916	
115	0.00173617	
116	0.00180841	
117	0.00188137	
118	0.00194813	
119	0.0020075	
120	0.00206353	
121	0.00211979	
122	0.00217415	
123	0.00223185	
124	0.00228001	
125	0.00231935	
126	0.00236179	
127	0.00239731	
128	0.00242998	
129	0.00246145	
130	0.00248386	
131	0.00250079	
132	0.00251056	
133	0.00251915	
134	0.0025139	
135	0.00251199	
136	0.00248934	
137	0.00247385	
138	0.00245263	
139	0.00244142	
140	0.00240351	
141	0.00237323	
142	0.00233914	
143	0.00228669	
144	0.00222899	
145	0.0021763	
146	0.00211741	
147	0.00205471	
148	0.00198938	
149	0.00192071	
150	0.00184966	
151	0.00177384	
152	0.00169707	
153	0.00161505	
154	0.00153447	
155	0.00145007	
156	0.00136424	
157	0.00127793	
158	0.00119258	
159	0.00110555	
160	0.00101949	
161	0.000934843	
162	0.000849489	
163	0.000766043	
164	0.000684265	
165	0.000605348	
166	0.000528101	
167	0.000456573	
168	0.000388386	
169	0.00032449	
170	0.000265123	
171	0.00021124	
172	0.000164987	
173	0.000123025	
174	8.67848E-5	
175	5.65054E-5	
176	3.2902E-5	
177	1.57357E-5	
178	5.96049E-6	
179	2.14578E-6	
180	6.43733E-6	