0	0.0294191	
1	0.0294343	
2	0.0294305	
3	0.0294458	
4	0.0294381	
5	0.0294477	
6	0.02944	
7	0.0294362	
8	0.0294172	
9	0.0293962	
10	0.0293638	
11	0.029339	
12	0.0292989	
13	0.029255	
14	0.0292073	
15	0.029152	
16	0.0290872	
17	0.0290185	
18	0.0289422	
19	0.0288736	
20	0.0287954	
21	0.0287076	
22	0.0286161	
23	0.0285245	
24	0.0284272	
25	0.0283128	
26	0.0281907	
27	0.028061	
28	0.0279027	
29	0.0277749	
30	0.0276357	
31	0.027464	
32	0.0273172	
33	0.0271569	
34	0.0269872	
35	0.0268022	
36	0.0266248	
37	0.0264207	
38	0.0262204	
39	0.0259954	
40	0.0257512	
41	0.025509	
42	0.0252553	
43	0.0249959	
44	0.0247289	
45	0.0244581	
46	0.0241815	
47	0.0238992	
48	0.0236188	
49	0.0233461	
50	0.023079	
51	0.0227872	
52	0.0223657	
53	0.0220071	
54	0.0216409	
55	0.0212804	
56	0.0208989	
57	0.0205079	
58	0.020115	
59	0.0196992	
60	0.0192777	
61	0.0188333	
62	0.0183736	
63	0.0178891	
64	0.0173932	
65	0.0168744	
66	0.0163385	
67	0.015772	
68	0.0151845	
69	0.0145779	
70	0.0139542	
71	0.0132638	
72	0.0126172	
73	0.0119229	
74	0.0112115	
75	0.0104752	
76	0.00968939	
77	0.00893408	
78	0.00814635	
79	0.00733379	
80	0.00652125	
81	0.00571445	
82	0.00492099	
83	0.00413516	
84	0.00337221	
85	0.00266649	
86	0.00201608	
87	0.00142861	
88	0.000928883	
89	0.000524525	
90	0.000234605	
91	7.82018E-5	
92	5.14986E-5	
93	0.000156404	
94	0.000392916	
95	0.000749592	
96	0.00120354	
97	0.00174523	
98	0.00236513	
99	0.00302316	
100	0.00373651	
101	0.00448611	
102	0.00525668	
103	0.00605968	
104	0.00684169	
105	0.00761417	
106	0.00838286	
107	0.00913626	
108	0.00988966	
109	0.0106221	
110	0.0113068	
111	0.011963	
112	0.0126095	
113	0.0132352	
114	0.0138302	
115	0.0144368	
116	0.0150185	
117	0.0155831	
118	0.0160962	
119	0.016596	
120	0.0170308	
121	0.0174943	
122	0.0179273	
123	0.0183488	
124	0.0187818	
125	0.0192186	
126	0.0196458	
127	0.0200692	
128	0.0204717	
129	0.0208608	
130	0.0212308	
131	0.0215875	
132	0.0219251	
133	0.0222474	
134	0.0225621	
135	0.0228578	
136	0.0231515	
137	0.0234281	
138	0.0237008	
139	0.0239621	
140	0.0242139	
141	0.0244542	
142	0.0246888	
143	0.0249234	
144	0.0251447	
145	0.0253602	
146	0.0255662	
147	0.0257608	
148	0.0259515	
149	0.026148	
150	0.0263215	
151	0.0264932	
152	0.0266477	
153	0.0268022	
154	0.026951	
155	0.0270826	
156	0.0272123	
157	0.027342	
158	0.0274316	
159	0.0275823	
160	0.0276986	
161	0.0278035	
162	0.0279046	
163	0.0279924	
164	0.0280706	
165	0.0281278	
166	0.0282212	
167	0.0282918	
168	0.0283605	
169	0.0284253	
170	0.028494	
171	0.0285684	
172	0.0286256	
173	0.0286847	
174	0.0287305	
175	0.0287725	
176	0.0288049	
177	0.028843	
178	0.0288755	
179	0.0288965	
180	0.0289232	
181	0.0289537	
182	0.0289918	
183	0.0290452	
184	0.0292856	
185	0.0296937	
186	0.0293123	
187	0.0290738	
188	0.029009	
189	0.0289556	
190	0.0289251	
191	0.028885	
192	0.0288373	
193	0.0287915	
194	0.0287439	
195	0.0286962	
196	0.028639	
197	0.0285684	
198	0.0284921	
199	0.0284101	
200	0.0283204	
201	0.0282212	
202	0.0281297	
203	0.0280286	
204	0.0279218	
205	0.0278093	
206	0.0276967	
207	0.0275708	
208	0.0274392	
209	0.0273038	
210	0.0271531	
211	0.0270025	
212	0.0268422	
213	0.0266687	
214	0.0264722	
215	0.0261937	
216	0.0261537	
217	0.0259	
218	0.0256978	
219	0.0254823	
220	0.0252458	
221	0.0250245	
222	0.0247957	
223	0.0245591	
224	0.0243016	
225	0.0240499	
226	0.0237828	
227	0.0235006	
228	0.0232068	
229	0.0229207	
230	0.0225717	
231	0.0222379	
232	0.0219289	
233	0.021576	
234	0.0212175	
235	0.0208417	
236	0.0204622	
237	0.0200864	
238	0.0196878	
239	0.0192643	
240	0.0188352	
241	0.0183812	
242	0.0178376	
243	0.0173723	
244	0.0168573	
245	0.0163499	
246	0.015772	
247	0.0152035	
248	0.0146504	
249	0.014061	
250	0.0134297	
251	0.0128232	
252	0.0121728	
253	0.0114899	
254	0.0107918	
255	0.010067	
256	0.00932509	
257	0.00856596	
258	0.00779536	
259	0.00701526	
260	0.00623134	
261	0.00544932	
262	0.00468066	
263	0.00393108	
264	0.00324441	
265	0.00255014	
266	0.00191689	
267	0.0013485	
268	0.000862125	
269	0.000474932	
270	0.000205995	
271	5.3406E-5	
272	3.24252E-5	
273	0.000139237	
274	0.00036812	
275	0.000724796	
276	0.00116158	
277	0.0016861	
278	0.00229456	
279	0.00296213	
280	0.00367929	
281	0.00438312	
282	0.0051308	
283	0.00590137	
284	0.00669292	
285	0.00747493	
286	0.00824171	
287	0.00899321	
288	0.00974089	
289	0.01046	
290	0.011158	
291	0.0118428	
292	0.0125085	
293	0.0131493	
294	0.0137616	
295	0.0143643	
296	0.0149556	
297	0.0154915	
298	0.0160333	
299	0.0165521	
300	0.0170594	
301	0.0175439	
302	0.0180112	
303	0.0184232	
304	0.0189058	
305	0.0193311	
306	0.0197316	
307	0.0201169	
308	0.020506	
309	0.0208741	
310	0.0211908	
311	0.0215741	
312	0.0219041	
313	0.0222017	
314	0.022482	
315	0.0228158	
316	0.0231038	
317	0.0233823	
318	0.0236493	
319	0.0238935	
320	0.0241643	
321	0.0244104	
322	0.0246488	
323	0.0248777	
324	0.0251046	
325	0.0253164	
326	0.0254842	
327	0.025715	
328	0.0258886	
329	0.0260793	
330	0.0262624	
331	0.0264379	
332	0.0266095	
333	0.0267545	
334	0.0269395	
335	0.0270959	
336	0.0272256	
337	0.0273572	
338	0.0274812	
339	0.0275995	
340	0.0276986	
341	0.0278226	
342	0.0279294	
343	0.0280305	
344	0.0281183	
345	0.0282022	
346	0.0282956	
347	0.0283815	
348	0.0284616	
349	0.0285264	
350	0.0285703	
351	0.0286428	
352	0.0286962	
353	0.028742	
354	0.0287839	
355	0.028824	
356	0.0288717	
357	0.0289155	
358	0.0289479	
359	0.0289708	
360	0.0289518	