0	8.82155E-6	
1	2.16962E-5	
2	4.38693E-5	
3	7.43871E-5	
4	0.000112057	
5	0.000158072	
6	0.000210525	
7	0.000270607	
8	0.00033641	
9	0.000410082	
10	0.000485422	
11	0.000566963	
12	0.000655178	
13	0.000745062	
14	0.000837807	
15	0.000933651	
16	0.00102974	
17	0.00112201	
18	0.0012312	
19	0.00133229	
20	0.00143386	
21	0.00153495	
22	0.00163675	
23	0.0017345	
24	0.00183416	
25	0.00193597	
26	0.00203301	
27	0.00212552	
28	0.00222112	
29	0.00229336	
30	0.002378	
31	0.00245763	
32	0.00252534	
33	0.00258733	
34	0.00264598	
35	0.00270249	
36	0.00271584	
37	0.00275613	
38	0.00278522	
39	0.00283982	
40	0.00285913	
41	0.00286366	
42	0.00287844	
43	0.00288679	
44	0.00288893	
45	0.00288774	
46	0.00289251	
47	0.00288107	
48	0.00284649	
49	0.00282504	
50	0.00279261	
51	0.00275637	
52	0.0027218	
53	0.0026715	
54	0.00260283	
55	0.00254704	
56	0.00247933	
57	0.00240661	
58	0.00233008	
59	0.00224783	
60	0.00216366	
61	0.00207378	
62	0.001992	
63	0.00189901	
64	0.0017984	
65	0.00168134	
66	0.00157023	
67	0.00147486	
68	0.00139046	
69	0.00127221	
70	0.00116683	
71	0.00106169	
72	0.000972752	
73	0.000864271	
74	0.00076795	
75	0.00067592	
76	0.000588182	
77	0.000503305	
78	0.000422956	
79	0.00034857	
80	0.000284912	
81	0.000220777	
82	0.000167132	
83	0.00012064	
84	8.1778E-5	
85	5.14986E-5	
86	2.88488E-5	
87	1.4782E-5	
88	9.29838E-6	
89	1.21594E-5	
90	2.28883E-5	
91	4.24387E-5	
92	7.08108E-5	
93	0.000108481	
94	0.000151874	
95	0.000201941	
96	0.000261309	
97	0.000328066	
98	0.000406744	
99	0.000466587	
100	0.000545744	
101	0.000622515	
102	0.000713591	
103	0.00080109	
104	0.000896934	
105	0.000996597	
106	0.00109292	
107	0.00119544	
108	0.00129343	
109	0.00139166	
110	0.00149227	
111	0.00159169	
112	0.00169183	
113	0.00179458	
114	0.00189019	
115	0.00198366	
116	0.00206997	
117	0.00213648	
118	0.00221421	
119	0.00229575	
120	0.00237681	
121	0.00244571	
122	0.00251485	
123	0.00258805	
124	0.0026374	
125	0.00267936	
126	0.00273658	
127	0.00278069	
128	0.00281765	
129	0.00284864	
130	0.00286366	
131	0.00288559	
132	0.00289656	
133	0.00290276	
134	0.00290181	
135	0.00289036	
136	0.0028782	
137	0.00285961	
138	0.00282027	
139	0.00279333	
140	0.00276233	
141	0.00272705	
142	0.00267555	
143	0.00263263	
144	0.00257851	
145	0.00251867	
146	0.00245143	
147	0.00237228	
148	0.0022905	
149	0.00221159	
150	0.00213148	
151	0.00204541	
152	0.00195767	
153	0.00186349	
154	0.00176287	
155	0.00166918	
156	0.00157119	
157	0.00147033	
158	0.00137187	
159	0.00127221	
160	0.00117589	
161	0.00107623	
162	0.000978954	
163	0.000883106	
164	0.000790123	
165	0.000698093	
166	0.000608448	
167	0.000526194	
168	0.000447275	
169	0.000373127	
170	0.000305654	
171	0.000243426	
172	0.00018859	
173	0.000139237	
174	9.70368E-5	
175	6.27046E-5	
176	3.60014E-5	
177	1.69278E-5	
178	6.19891E-6	
179	2.86104E-6	
180	6.91417E-6	
181	1.90736E-5	
182	3.98161E-5	
183	6.79498E-5	
184	0.000103474	
185	0.00014639	
186	0.000195266	
187	0.00025201	
188	0.000314476	
189	0.000381948	
190	0.000454666	
191	0.000533108	
192	0.00061417	
193	0.000700239	
194	0.000787739	
195	0.000878099	
196	0.000970606	
197	0.00106502	
198	0.00116134	
199	0.00125504	
200	0.00135279	
201	0.0014484	
202	0.00154353	
203	0.00163604	
204	0.00172783	
205	0.00181771	
206	0.00190402	
207	0.00198723	
208	0.00206734	
209	0.00214387	
210	0.00221516	
211	0.00228263	
212	0.00234677	
213	0.00240733	
214	0.00245835	
215	0.00250866	
216	0.00255205	
217	0.00258996	
218	0.002625	
219	0.00265361	
220	0.00267579	
221	0.00269152	
222	0.00270249	
223	0.00270964	
224	0.0027094	
225	0.00270464	
226	0.00269295	
227	0.00267722	
228	0.00265457	
229	0.00262715	
230	0.00259449	
231	0.00255515	
232	0.00251104	
233	0.00248386	
234	0.0024357	
235	0.00239302	
236	0.00230886	
237	0.00223853	
238	0.00219299	
239	0.00211217	
240	0.00202967	
241	0.00194646	
242	0.00185061	
243	0.0017655	
244	0.00167418	
245	0.00157977	
246	0.00148607	
247	0.00138975	
248	0.00130559	
249	0.00121737	
250	0.00109578	
251	0.000997789	
252	0.000902895	
253	0.000809912	
254	0.000719074	
255	0.000631813	
256	0.000549082	
257	0.000469925	
258	0.000396254	
259	0.000327589	
260	0.000263216	
261	0.000207664	
262	0.000155927	
263	0.000113249	
264	7.67712E-5	
265	4.74455E-5	
266	2.6703E-5	
267	1.38283E-5	
268	8.58313E-6	
269	1.21594E-5	
270	2.26499E-5	
271	4.14851E-5	
272	6.8665E-5	
273	0.000103951	
274	0.000147105	
275	0.000195981	
276	0.000252964	
277	0.000316145	
278	0.000385286	
279	0.000460627	
280	0.000538591	
281	0.00062323	
282	0.000710491	
283	0.000802521	
284	0.000895981	
285	0.000991113	
286	0.00108934	
287	0.00118781	
288	0.00128866	
289	0.00138903	
290	0.00149036	
291	0.00157023	
292	0.00166989	
293	0.0017767	
294	0.00192834	
295	0.00203229	
296	0.00206019	
297	0.00213315	
298	0.0022092	
299	0.00228478	
300	0.00235583	
301	0.00242616	
302	0.0024891	
303	0.00254776	
304	0.00260235	
305	0.0026498	
306	0.00270726	
307	0.00274827	
308	0.00275423	
309	0.00278331	
310	0.00281121	
311	0.00288869	
312	0.00290681	
313	0.00288464	
314	0.00288536	
315	0.00284125	
316	0.00283481	
317	0.00282265	
318	0.00279786	
319	0.00276853	
320	0.00273396	
321	0.00270082	
322	0.002661	
323	0.00261284	
324	0.00255705	
325	0.00251748	
326	0.00253822	
327	0.00247194	
328	0.00240375	
329	0.00230791	
330	0.00216843	
331	0.00200869	
332	0.00191737	
333	0.00181437	
334	0.0017202	
335	0.001647	
336	0.00155235	
337	0.00145913	
338	0.00136138	
339	0.0012641	
340	0.00116707	
341	0.00106955	
342	0.000972513	
343	0.000878576	
344	0.00078607	
345	0.000695232	
346	0.000608925	
347	0.000524763	
348	0.000447037	
349	0.000371935	
350	0.000304939	
351	0.000242949	
352	0.000187636	
353	0.000138284	
354	9.63216E-5	
355	6.24661E-5	
356	3.60014E-5	
357	1.69278E-5	
358	5.96049E-6	
359	2.86104E-6	
360	6.91417E-6	