0	0.0272256	
1	0.0272523	
2	0.0272924	
3	0.0273877	
4	0.0275022	
5	0.0275766	
6	0.0276452	
7	0.0276891	
8	0.027712	
9	0.0277158	
10	0.0277063	
11	0.0276738	
12	0.0276128	
13	0.0275346	
14	0.027445	
15	0.0273038	
16	0.0271779	
17	0.0270311	
18	0.0268689	
19	0.0266839	
20	0.0264951	
21	0.026291	
22	0.0261213	
23	0.0259916	
24	0.0258657	
25	0.0257303	
26	0.0255815	
27	0.025427	
28	0.0252935	
29	0.0251256	
30	0.024954	
31	0.0247651	
32	0.0245973	
33	0.0244237	
34	0.0242215	
35	0.024027	
36	0.023779	
37	0.0235311	
38	0.0233136	
39	0.0230867	
40	0.0228425	
41	0.0225831	
42	0.0223256	
43	0.0220586	
44	0.0217592	
45	0.0214959	
46	0.0211698	
47	0.0208684	
48	0.0205652	
49	0.0202733	
50	0.0200235	
51	0.0197526	
52	0.0194608	
53	0.0191461	
54	0.01886	
55	0.0185033	
56	0.0181276	
57	0.0177327	
58	0.017315	
59	0.0168725	
60	0.0163804	
61	0.015896	
62	0.0153905	
63	0.0148659	
64	0.0143185	
65	0.0137501	
66	0.013155	
67	0.0125409	
68	0.0119343	
69	0.0112839	
70	0.0106106	
71	0.00990874	
72	0.00926024	
73	0.00862128	
74	0.00798804	
75	0.00734904	
76	0.00670436	
77	0.0060654	
78	0.00543025	
79	0.0047932	
80	0.00417903	
81	0.00358583	
82	0.00302507	
83	0.00249483	
84	0.00200273	
85	0.0015564	
86	0.0011654	
87	0.00083733	
88	0.000579838	
89	0.000394823	
90	0.000291826	
91	0.00027466	
92	0.000335695	
93	0.000482561	
94	0.000701908	
95	0.000997551	
96	0.00135995	
97	0.00178147	
98	0.00225259	
99	0.00276567	
100	0.00332071	
101	0.00393298	
102	0.00457385	
103	0.00523761	
104	0.0059109	
105	0.00658229	
106	0.00726131	
107	0.00792319	
108	0.00857359	
109	0.00921065	
110	0.00983053	
111	0.0104561	
112	0.0110665	
113	0.0116463	
114	0.0122376	
115	0.0127946	
116	0.0133191	
117	0.0138169	
118	0.0142861	
119	0.0147458	
120	0.0151597	
121	0.0155621	
122	0.0159475	
123	0.0163118	
124	0.0166799	
125	0.0170995	
126	0.0175782	
127	0.0180284	
128	0.0184499	
129	0.0188466	
130	0.0192281	
131	0.0195867	
132	0.0199357	
133	0.0202638	
134	0.0205842	
135	0.0208932	
136	0.0211889	
137	0.0214807	
138	0.021763	
139	0.0220548	
140	0.0223275	
141	0.0225831	
142	0.0228368	
143	0.0230752	
144	0.0233098	
145	0.023533	
146	0.0237581	
147	0.0239831	
148	0.0241758	
149	0.0243932	
150	0.0245839	
151	0.0247709	
152	0.0249444	
153	0.0251046	
154	0.0252649	
155	0.0254136	
156	0.0255624	
157	0.025715	
158	0.0258542	
159	0.0260125	
160	0.0262052	
161	0.0263864	
162	0.0265619	
163	0.0267144	
164	0.0268556	
165	0.0269891	
166	0.0271207	
167	0.027239	
168	0.0272161	
169	0.0273057	
170	0.0274011	
171	0.0274793	
172	0.027548	
173	0.0276185	
174	0.02767	
175	0.0277139	
176	0.0277539	
177	0.0277711	
178	0.0278569	
179	0.0278856	
180	0.0278646	
181	0.0278531	
182	0.0278283	
183	0.0278016	
184	0.0277749	
185	0.0277635	
186	0.0278322	
187	0.0279256	
188	0.0278817	
189	0.0278035	
190	0.0277005	
191	0.0275899	
192	0.0274755	
193	0.0273477	
194	0.0271837	
195	0.0271112	
196	0.0270368	
197	0.0269605	
198	0.0268632	
199	0.0268308	
200	0.0266725	
201	0.0266439	
202	0.0265409	
203	0.0264131	
204	0.0262853	
205	0.0259362	
206	0.0256139	
207	0.0254632	
208	0.0253145	
209	0.0251447	
210	0.0249788	
211	0.0248071	
212	0.0247422	
213	0.0247232	
214	0.0247442	
215	0.0245191	
216	0.024294	
217	0.0239717	
218	0.0237046	
219	0.0234338	
220	0.022976	
221	0.0226442	
222	0.0223752	
223	0.0220777	
224	0.0218126	
225	0.0215245	
226	0.0212308	
227	0.0209256	
228	0.0206109	
229	0.020281	
230	0.0199472	
231	0.0195867	
232	0.0192205	
233	0.0188485	
234	0.018469	
235	0.0181276	
236	0.0177747	
237	0.017399	
238	0.017006	
239	0.0165979	
240	0.0161744	
241	0.0157377	
242	0.015276	
243	0.014803	
244	0.0143128	
245	0.0137978	
246	0.0132657	
247	0.0127202	
248	0.0121594	
249	0.0115719	
250	0.0109673	
251	0.0103379	
252	0.00971037	
253	0.0090695	
254	0.00842291	
255	0.00775149	
256	0.00707248	
257	0.00640109	
258	0.00573161	
259	0.00506213	
260	0.00440028	
261	0.00376131	
262	0.00315858	
263	0.00259019	
264	0.00205995	
265	0.00157738	
266	0.00115777	
267	0.000802997	
268	0.000524525	
269	0.000335695	
270	0.00023079	
271	0.000209809	
272	0.000276567	
273	0.00043297	
274	0.000661854	
275	0.000965122	
276	0.00133324	
277	0.0017624	
278	0.00224115	
279	0.00275804	
280	0.00330926	
281	0.00388719	
282	0.00448993	
283	0.00511554	
284	0.00573924	
285	0.00639346	
286	0.00703624	
287	0.00763705	
288	0.00825888	
289	0.00889021	
290	0.00951582	
291	0.0101185	
292	0.010706	
293	0.0112782	
294	0.0118409	
295	0.0123921	
296	0.0129185	
297	0.0134411	
298	0.0139428	
299	0.0144387	
300	0.0149193	
301	0.0153924	
302	0.0158502	
303	0.0163041	
304	0.0167409	
305	0.0171548	
306	0.0175611	
307	0.0179521	
308	0.0183355	
309	0.0187074	
310	0.019066	
311	0.019415	
312	0.0197564	
313	0.0200864	
314	0.020403	
315	0.020712	
316	0.0210096	
317	0.0212976	
318	0.0215818	
319	0.0218602	
320	0.0221292	
321	0.0223829	
322	0.0226308	
323	0.0228559	
324	0.0231096	
325	0.0233384	
326	0.0235616	
327	0.0237809	
328	0.0240213	
329	0.0242597	
330	0.0244828	
331	0.0247041	
332	0.024954	
333	0.0251657	
334	0.025364	
335	0.0255529	
336	0.0257341	
337	0.0258962	
338	0.0260564	
339	0.0261842	
340	0.0263253	
341	0.0264608	
342	0.0265924	
343	0.0267297	
344	0.0268384	
345	0.026949	
346	0.0270482	
347	0.0271379	
348	0.0272123	
349	0.0272695	
350	0.0273114	
351	0.0273706	
352	0.0274411	
353	0.0274774	
354	0.0275117	
355	0.027546	
356	0.0275899	
357	0.0276319	
358	0.0276567	
359	0.0276719	
360	0.0276586	