0	0.017172	
2	0.017193	
4	0.017233	
6	0.0173017	
8	0.0174085	
10	0.0175439	
12	0.0177099	
14	0.0178701	
16	0.0180341	
18	0.0181772	
20	0.0183259	
22	0.0184613	
24	0.0186101	
26	0.0187246	
28	0.0188295	
30	0.0189172	
32	0.0189496	
34	0.0189801	
36	0.0190583	
38	0.0190622	
40	0.0190774	
42	0.0190278	
44	0.0190145	
46	0.0189477	
48	0.0188733	
50	0.0187551	
52	0.0185987	
54	0.0184385	
56	0.0182344	
58	0.0180494	
60	0.01779	
62	0.017481	
64	0.0171968	
66	0.0168344	
68	0.0164586	
70	0.0160791	
72	0.0156709	
74	0.0152512	
76	0.0148087	
78	0.0143967	
80	0.0140191	
82	0.0136548	
84	0.0133172	
86	0.0130749	
88	0.0129033	
90	0.0128518	
92	0.0128499	
94	0.0129738	
96	0.0132027	
98	0.0134888	
100	0.013836	
102	0.0141831	
104	0.0146027	
106	0.0150109	
108	0.0154153	
110	0.0158044	
112	0.0161725	
114	0.016512	
116	0.0168267	
118	0.0171052	
120	0.0173627	
122	0.0175668	
124	0.0177842	
126	0.0179693	
128	0.0181485	
130	0.0183126	
132	0.0184346	
134	0.01853	
136	0.0187265	
138	0.0186616	
140	0.0186692	
142	0.0186712	
144	0.0186635	
146	0.0186254	
148	0.0185472	
150	0.018469	
152	0.0183698	
154	0.018263	
156	0.0181504	
158	0.0180227	
160	0.0179254	
162	0.017809	
164	0.0176851	
166	0.0175744	
168	0.01746	
170	0.0173646	
172	0.017296	
174	0.0172464	
176	0.0172178	
178	0.0172158	
180	0.0172216	