0	0.0173055	
2	0.0173265	
4	0.0173627	
6	0.0174199	
8	0.0175248	
10	0.0176526	
12	0.0178052	
14	0.0179673	
16	0.0181142	
18	0.0182554	
20	0.0184022	
22	0.0185338	
24	0.0186635	
26	0.0187761	
28	0.0188676	
30	0.0189363	
32	0.0189897	
34	0.0190336	
36	0.019066	
38	0.0190812	
40	0.0190793	
42	0.0190526	
44	0.0189954	
46	0.0189267	
48	0.0188276	
50	0.0186998	
52	0.0185453	
54	0.018366	
56	0.0181657	
58	0.0179349	
60	0.0176793	
62	0.0173894	
64	0.0170785	
66	0.0167142	
68	0.016327	
70	0.0159265	
72	0.015503	
74	0.0150624	
76	0.0146294	
78	0.0141793	
80	0.0137616	
82	0.0133801	
84	0.0130444	
86	0.0127812	
88	0.0125943	
90	0.0125123	
92	0.0125371	
94	0.0126649	
96	0.0128956	
98	0.0132027	
100	0.0135575	
102	0.0139504	
104	0.0143681	
106	0.0147954	
108	0.0152207	
110	0.0156327	
112	0.0160085	
114	0.0163671	
116	0.016697	
118	0.016987	
120	0.0172502	
122	0.017481	
124	0.0176889	
126	0.0178872	
128	0.0180742	
130	0.0182401	
132	0.0183774	
134	0.0184842	
136	0.0185529	
138	0.0186044	
140	0.0186311	
142	0.0186425	
144	0.0186387	
146	0.018612	
148	0.0185663	
150	0.0184995	
152	0.0184137	
154	0.0183145	
156	0.0182077	
158	0.018097	
160	0.0179902	
162	0.017872	
164	0.0177613	
166	0.0176564	
168	0.0175611	
170	0.0174752	
172	0.0174161	
174	0.0173742	
176	0.0173494	
178	0.0173494	
180	0.0173761	