0	0.0309831	
1	0.0309697	
2	0.0309736	
3	0.030964	
4	0.0309507	
5	0.0309602	
6	0.0309583	
7	0.030985	
8	0.0310327	
9	0.0310594	
10	0.0311128	
11	0.0311853	
12	0.0312368	
13	0.0313094	
14	0.0313685	
15	0.0314314	
16	0.0314906	
17	0.0315344	
18	0.0315726	
19	0.0316107	
20	0.0316489	
21	0.0316832	
22	0.0317099	
23	0.0317156	
24	0.031729	
25	0.0317194	
26	0.0317137	
27	0.0317118	
28	0.0317118	
29	0.0316947	
30	0.0316756	
31	0.0316527	
32	0.0316298	
33	0.0315955	
34	0.0315611	
35	0.0315192	
36	0.0314715	
37	0.0314238	
38	0.0313628	
39	0.0312808	
40	0.0311872	
41	0.0310918	
42	0.0309945	
43	0.0308896	
44	0.0307733	
45	0.0306588	
46	0.0305272	
47	0.0303785	
48	0.0302202	
49	0.0300523	
50	0.0298787	
51	0.0296861	
52	0.0294782	
53	0.0292741	
54	0.0290338	
55	0.0288068	
56	0.0285646	
57	0.0283166	
58	0.0280095	
59	0.0277063	
60	0.0274278	
61	0.0271074	
62	0.0267888	
63	0.0264417	
64	0.0261556	
65	0.0257627	
66	0.0254136	
67	0.0250264	
68	0.024645	
69	0.024273	
70	0.0238744	
71	0.02347	
72	0.0230294	
73	0.0225641	
74	0.0220853	
75	0.0216123	
76	0.021124	
77	0.0206586	
78	0.0201894	
79	0.019642	
80	0.0192243	
81	0.0187894	
82	0.0182687	
83	0.0178586	
84	0.0174619	
85	0.0171472	
86	0.0167676	
87	0.0164357	
88	0.0161897	
89	0.015999	
90	0.0158883	
91	0.015812	
92	0.0159093	
93	0.0159875	
94	0.0161363	
95	0.0163518	
96	0.0166055	
97	0.0169698	
98	0.017336	
99	0.017748	
100	0.0182115	
101	0.0186445	
102	0.0191022	
103	0.0195466	
104	0.0200483	
105	0.0205194	
106	0.0209543	
107	0.0214769	
108	0.0217992	
109	0.0222951	
110	0.0227357	
111	0.0231916	
112	0.0236264	
113	0.0240346	
114	0.0244771	
115	0.0248319	
116	0.0251924	
117	0.0254709	
118	0.0257856	
119	0.0261194	
120	0.0264207	
121	0.0266935	
122	0.0269834	
123	0.0272542	
124	0.0275098	
125	0.0277539	
126	0.0279924	
127	0.0282632	
128	0.0285054	
129	0.0287076	
130	0.0288488	
131	0.0289975	
132	0.0291864	
133	0.0293466	
134	0.0295106	
135	0.0296537	
136	0.0298387	
137	0.0299684	
138	0.0300866	
139	0.0301973	
140	0.0302716	
141	0.0303651	
142	0.0303861	
143	0.0304834	
144	0.0305597	
145	0.0305806	
146	0.0306588	
147	0.0307008	
148	0.0307637	
149	0.0307943	
150	0.0308992	
151	0.0309373	
152	0.0309564	
153	0.0309659	
154	0.0309449	
155	0.0309831	
156	0.0309888	
157	0.0309945	
158	0.0309945	
159	0.0309926	
160	0.031006	
161	0.0310022	
162	0.0309983	
163	0.031027	
164	0.0310174	
165	0.0310155	
166	0.0309602	
167	0.0309526	
168	0.0309488	
169	0.030943	
170	0.0309297	
171	0.0309221	
172	0.0309316	
173	0.0309411	
174	0.0308305	
175	0.030737	
176	0.0307428	
177	0.0307637	
178	0.0307676	
179	0.0307809	
180	0.0307943	
181	0.0308133	
182	0.0308362	
183	0.0308725	
184	0.0309182	
185	0.0309373	
186	0.0309697	
187	0.0310384	
188	0.0310746	
189	0.031109	
190	0.0311586	
191	0.0311681	
192	0.0312139	
193	0.0312731	
194	0.0313132	
195	0.031317	
196	0.031378	
197	0.0313628	
198	0.0314009	
199	0.0314372	
200	0.0314848	
201	0.0315573	
202	0.031563	
203	0.0315859	
204	0.0315821	
205	0.0316126	
206	0.0316222	
207	0.0316355	
208	0.0316489	
209	0.031666	
210	0.0316565	
211	0.0316451	
212	0.0316546	
213	0.0316393	
214	0.0316584	
215	0.0316317	
216	0.0315974	
217	0.0315478	
218	0.0314581	
219	0.0314028	
220	0.0313399	
221	0.0312598	
222	0.0311834	
223	0.0310975	
224	0.0309964	
225	0.030882	
226	0.0307504	
227	0.0306188	
228	0.0304834	
229	0.0303117	
230	0.0301553	
231	0.0299684	
232	0.0297738	
233	0.0295583	
234	0.0293237	
235	0.0290891	
236	0.0288621	
237	0.0285798	
238	0.028309	
239	0.0280362	
240	0.0277578	
241	0.0274488	
242	0.027136	
243	0.0268098	
244	0.0264531	
245	0.0261155	
246	0.0257226	
247	0.0253297	
248	0.0249273	
249	0.0244848	
250	0.0240251	
251	0.0235597	
252	0.0230829	
253	0.0225793	
254	0.0220567	
255	0.0215226	
256	0.0209733	
257	0.0204087	
258	0.0198213	
259	0.019251	
260	0.0186864	
261	0.0181218	
262	0.0175802	
263	0.0170575	
264	0.0165406	
265	0.0160943	
266	0.0156747	
267	0.0153466	
268	0.0150433	
269	0.0148221	
270	0.0147114	
271	0.0146752	
272	0.0147362	
273	0.0148659	
274	0.015112	
275	0.0154076	
276	0.0157682	
277	0.0161783	
278	0.0165941	
279	0.0170633	
280	0.0175763	
281	0.0180875	
282	0.018633	
283	0.0191499	
284	0.0196897	
285	0.0202142	
286	0.0207311	
287	0.0212213	
288	0.0217172	
289	0.0222322	
290	0.0226632	
291	0.0231134	
292	0.0235387	
293	0.0239583	
294	0.0243531	
295	0.0247308	
296	0.0250875	
297	0.0254251	
298	0.0257627	
299	0.0260793	
300	0.0263749	
301	0.0266744	
302	0.0269586	
303	0.0272332	
304	0.0274926	
305	0.0277311	
306	0.0279638	
307	0.0281869	
308	0.0284101	
309	0.0286103	
310	0.0288011	
311	0.0289804	
312	0.0291826	
313	0.0293504	
314	0.0295011	
315	0.0296346	
316	0.02977	
317	0.0298902	
318	0.0300065	
319	0.0301172	
320	0.0302011	
321	0.0302945	
322	0.0303651	
323	0.03043	
324	0.0304929	
325	0.0305444	
326	0.0305902	
327	0.0306321	
328	0.0306607	
329	0.030697	
330	0.0307237	
331	0.0307466	
332	0.0307637	
333	0.0307809	
334	0.0308038	
335	0.0308229	
336	0.0308362	
337	0.0308477	
338	0.0308515	
339	0.0308515	
340	0.0308496	
341	0.0308458	
342	0.0308305	
343	0.0308267	
344	0.0308152	
345	0.0308038	
346	0.0307981	
347	0.0307828	
348	0.0307657	
349	0.0307523	
350	0.0307351	
351	0.0307237	
352	0.030718	
353	0.0307103	
354	0.0306989	
355	0.0306855	
356	0.0306798	
357	0.0306894	
358	0.0307103	
359	0.0307122	
360	0.0307161	