0	0.01853	
1	0.0185357	
2	0.0185395	
3	0.018551	
4	0.0185701	
5	0.018591	
6	0.0186158	
7	0.0186425	
8	0.0186692	
9	0.0187017	
10	0.0187436	
11	0.0187913	
12	0.0188333	
13	0.0188714	
14	0.0189115	
15	0.0189553	
16	0.0189954	
17	0.0190412	
18	0.019087	
19	0.0191308	
20	0.0191747	
21	0.0192243	
22	0.0192605	
23	0.019312	
24	0.019354	
25	0.0194341	
26	0.0194398	
27	0.0194646	
28	0.0194875	
29	0.0195047	
30	0.0195447	
31	0.0196248	
32	0.0196267	
33	0.0196325	
34	0.0196534	
35	0.0196515	
36	0.0196325	
37	0.0196306	
38	0.0196229	
39	0.0196153	
40	0.0196038	
41	0.0195848	
42	0.0195581	
43	0.0195276	
44	0.0194951	
45	0.0194551	
46	0.0194227	
47	0.0194093	
48	0.0193139	
49	0.0192491	
50	0.0191823	
51	0.0191346	
52	0.019024	
53	0.0189267	
54	0.0188352	
55	0.0187322	
56	0.0186197	
57	0.0184957	
58	0.0183679	
59	0.0182401	
60	0.0181009	
61	0.0179521	
62	0.0177976	
63	0.0176374	
64	0.0174657	
65	0.0173055	
66	0.0171663	
67	0.0169317	
68	0.0167161	
69	0.0165006	
70	0.0162793	
71	0.0160466	
72	0.0158044	
73	0.0155526	
74	0.0152989	
75	0.0150281	
76	0.014761	
77	0.014494	
78	0.0142155	
79	0.0139332	
80	0.0136529	
81	0.0133725	
82	0.0131398	
83	0.0128747	
84	0.0127755	
85	0.0125313	
86	0.0123101	
87	0.0120869	
88	0.011921	
89	0.0117779	
90	0.0115395	
91	0.011448	
92	0.0114022	
93	0.0114003	
94	0.0114327	
95	0.0115204	
96	0.0116654	
97	0.011921	
98	0.0120926	
99	0.0122796	
100	0.012476	
101	0.0125924	
102	0.0129471	
103	0.0132142	
104	0.0134736	
105	0.0137444	
106	0.0140191	
107	0.0142804	
108	0.0146084	
109	0.0146866	
110	0.0149232	
111	0.015173	
112	0.0154133	
113	0.0156499	
114	0.0158769	
115	0.0160962	
116	0.016308	
117	0.0165082	
118	0.016697	
119	0.0168763	
120	0.0170537	
121	0.0172178	
122	0.0173761	
123	0.0175153	
124	0.0176564	
125	0.0177938	
126	0.0179197	
127	0.0180398	
128	0.0181504	
129	0.0182515	
130	0.0183469	
131	0.0184308	
132	0.0185128	
133	0.0185891	
134	0.018654	
135	0.0187112	
136	0.0187665	
137	0.0188161	
138	0.0188638	
139	0.0189077	
140	0.0189477	
141	0.0191385	
142	0.0191289	
143	0.0191613	
144	0.0191289	
145	0.0191423	
146	0.0191365	
147	0.019127	
148	0.0191423	
149	0.0191499	
150	0.0191537	
151	0.0191709	
152	0.0192357	
153	0.019188	
154	0.0191289	
155	0.0190946	
156	0.0190793	
157	0.0190583	
158	0.0190355	
159	0.0190068	
160	0.0189782	
161	0.0189458	
162	0.018921	
163	0.0188886	
164	0.0188562	
165	0.0188257	
166	0.0187894	
167	0.0187589	
168	0.0187284	
169	0.0186979	
170	0.0186635	
171	0.0186464	
172	0.0186273	
173	0.0186158	
174	0.0186139	
175	0.018612	
176	0.0186025	
177	0.0186025	
178	0.0186025	
179	0.0186063	
180	0.0186139	
181	0.0186216	
182	0.0186425	
183	0.0186483	
184	0.018675	
185	0.0187093	
186	0.0187246	
187	0.0187532	
188	0.0187837	
189	0.0188142	
190	0.0188447	
191	0.0188771	
192	0.0189058	
193	0.0189382	
194	0.0189706	
195	0.019003	
196	0.0190259	
197	0.019066	
198	0.019106	
199	0.0191442	
200	0.0191823	
201	0.0192167	
202	0.0192491	
203	0.0192777	
204	0.0193101	
205	0.0193349	
206	0.0193635	
207	0.0193959	
208	0.0194227	
209	0.0194494	
210	0.0194741	
211	0.0195009	
212	0.0195333	
213	0.01956	
214	0.0195829	
215	0.0196058	
216	0.0196267	
217	0.019642	
218	0.0196458	
219	0.0196515	
220	0.0196801	
221	0.0196553	
222	0.0196325	
223	0.0196344	
224	0.0196935	
225	0.0195962	
226	0.0195543	
227	0.0195123	
228	0.0194646	
229	0.019415	
230	0.0193559	
231	0.0192891	
232	0.0192186	
233	0.0191423	
234	0.0190545	
235	0.0189592	
236	0.01886	
237	0.0187513	
238	0.0186349	
239	0.0185128	
240	0.0183831	
241	0.0182477	
242	0.0181066	
243	0.0179425	
244	0.0177728	
245	0.0176011	
246	0.0174276	
247	0.0172426	
248	0.017048	
249	0.0168458	
250	0.016636	
251	0.0164148	
252	0.016184	
253	0.0159513	
254	0.0157052	
255	0.0154515	
256	0.0151959	
257	0.0149327	
258	0.0146695	
259	0.0144044	
260	0.0141354	
261	0.0138627	
262	0.0136014	
263	0.0133439	
264	0.0130921	
265	0.0128632	
266	0.0126496	
267	0.0124608	
268	0.012291	
269	0.0121518	
270	0.0120545	
271	0.0119858	
272	0.0119477	
273	0.0119382	
274	0.0119668	
275	0.0120335	
276	0.0121327	
277	0.0122738	
278	0.0124379	
279	0.0126248	
280	0.0128289	
281	0.013054	
282	0.0132905	
283	0.0135403	
284	0.013794	
285	0.0140496	
286	0.0143777	
287	0.0146542	
288	0.0149327	
289	0.015091	
290	0.0153199	
291	0.0155984	
292	0.0157968	
293	0.0160047	
294	0.0162278	
295	0.016451	
296	0.0166761	
297	0.0168916	
298	0.0170938	
299	0.0172902	
300	0.0174371	
301	0.0175992	
302	0.0177404	
303	0.0178777	
304	0.017994	
305	0.0181161	
306	0.0182649	
307	0.018366	
308	0.0184537	
309	0.0185453	
310	0.0186311	
311	0.0187017	
312	0.0187818	
313	0.0188562	
314	0.0189115	
315	0.0189515	
316	0.0189458	
317	0.0189744	
318	0.019003	
319	0.0190488	
320	0.0190889	
321	0.0191194	
322	0.0191442	
323	0.0191709	
324	0.0191938	
325	0.0192224	
326	0.0192624	
327	0.0192281	
328	0.0192376	
329	0.0192357	
330	0.0192243	
331	0.0192281	
332	0.0192243	
333	0.0192071	
334	0.0191823	
335	0.0191594	
336	0.0191346	
337	0.0191156	
338	0.0190927	
339	0.019066	
340	0.0190316	
341	0.0189992	
342	0.0189668	
343	0.0189306	
344	0.0188943	
345	0.0188619	
346	0.0188295	
347	0.0187989	
348	0.0187646	
349	0.0187341	
350	0.0187036	
351	0.0186769	
352	0.018654	
353	0.018633	
354	0.0186177	
355	0.0186101	
356	0.0186616	
357	0.0186025	
358	0.0185758	
359	0.0185643	
360	0.0185586	
