0	0.024479	
2	0.0245134	
4	0.0246049	
6	0.0247442	
8	0.0249311	
10	0.0251657	
12	0.0254155	
14	0.0256864	
16	0.0259763	
18	0.0262662	
20	0.0265599	
22	0.0268441	
24	0.0271035	
26	0.0273572	
28	0.0275804	
30	0.0277673	
32	0.0279275	
34	0.0280553	
36	0.028145	
38	0.0282022	
40	0.0282346	
42	0.0282212	
44	0.0281755	
46	0.0280706	
48	0.0279256	
50	0.0277406	
52	0.0275155	
54	0.0272409	
56	0.0269223	
58	0.0265695	
60	0.0261689	
62	0.0257322	
64	0.0252591	
66	0.0247537	
68	0.0242158	
70	0.0236436	
72	0.0230447	
74	0.0223886	
76	0.0217592	
78	0.0211526	
80	0.0205728	
82	0.0200387	
84	0.0195657	
86	0.0191728	
88	0.0189134	
90	0.0187532	
92	0.0187284	
94	0.0188257	
96	0.0190526	
98	0.0193807	
100	0.0197984	
102	0.0202848	
104	0.0208131	
106	0.0213166	
108	0.0218927	
110	0.0224782	
112	0.0230523	
114	0.0235959	
116	0.0241224	
118	0.0246202	
120	0.0250837	
122	0.0254956	
124	0.0258771	
126	0.0262185	
128	0.0265294	
130	0.0267984	
132	0.0270158	
134	0.0272065	
136	0.0273496	
138	0.0274621	
140	0.0275346	
142	0.0275689	
144	0.027567	
146	0.0275403	
148	0.0274717	
150	0.0273782	
152	0.027258	
154	0.0271131	
156	0.0269548	
158	0.0267621	
160	0.026579	
162	0.0263807	
164	0.0261842	
166	0.0259839	
168	0.0258085	
170	0.0256406	
172	0.0254995	
174	0.0253888	
176	0.0253011	
178	0.0252668	
180	0.0252572	
182	0.0252916	
184	0.025364	
186	0.0254766	
188	0.0256273	
190	0.0257989	
192	0.0259935	
194	0.026209	
196	0.0264322	
198	0.0266553	
200	0.0268804	
202	0.0271055	
204	0.0273114	
206	0.0275022	
208	0.0276796	
210	0.0278302	
212	0.0279561	
214	0.0280553	
216	0.0280954	
218	0.0281316	
220	0.028143	
222	0.0281011	
224	0.0280248	
226	0.0279371	
228	0.0277959	
230	0.027609	
232	0.0273896	
234	0.0271341	
236	0.0268384	
238	0.0264989	
240	0.0261289	
242	0.0257074	
244	0.0252706	
246	0.0247957	
248	0.0242826	
250	0.0237447	
252	0.0231858	
254	0.0226136	
256	0.0220262	
258	0.021454	
260	0.0208799	
262	0.0203611	
264	0.0198842	
266	0.0194875	
268	0.0191766	
270	0.0189725	
272	0.018881	
274	0.0189191	
276	0.0190755	
278	0.0193502	
280	0.0197145	
282	0.0201665	
284	0.0206681	
286	0.0212137	
288	0.0217878	
290	0.0223638	
292	0.022936	
294	0.0234987	
296	0.0240327	
298	0.0245343	
300	0.0250188	
302	0.0254518	
304	0.0258409	
306	0.0262052	
308	0.0265237	
310	0.0268041	
312	0.0270311	
314	0.0272294	
316	0.0273706	
318	0.0274678	
320	0.0275346	
322	0.0275613	
324	0.027546	
326	0.0274926	
328	0.0273973	
330	0.027279	
332	0.0271207	
334	0.0269319	
336	0.0267183	
338	0.0264913	
340	0.0262414	
342	0.0260049	
344	0.0257589	
346	0.0255033	
348	0.0252534	
350	0.0250207	
352	0.0248319	
354	0.0246736	
356	0.0245553	
358	0.0244886	
360	0.0244561	