0	0.0147954	
1	0.0148087	
2	0.0148526	
3	0.014885	
4	0.0150986	
5	0.0151253	
6	0.0150986	
7	0.0150338	
8	0.0151902	
9	0.0151463	
10	0.0152264	
11	0.0152321	
12	0.0152856	
13	0.0153351	
14	0.0153981	
15	0.0154496	
16	0.015503	
17	0.0155564	
18	0.0156098	
19	0.0156614	
20	0.0157167	
21	0.0157663	
22	0.0158139	
23	0.0158597	
24	0.0158979	
25	0.015936	
26	0.0159646	
27	0.0159951	
28	0.0160199	
29	0.0160466	
30	0.0160638	
31	0.0160867	
32	0.0161039	
33	0.0161191	
34	0.0161248	
35	0.0161306	
36	0.0161477	
37	0.0161325	
38	0.0161248	
39	0.0161039	
40	0.0160924	
41	0.01606	
42	0.016018	
43	0.0160352	
44	0.0159436	
45	0.0158845	
46	0.0158464	
47	0.0157663	
48	0.015854	
49	0.0157434	
50	0.0156785	
51	0.0155869	
52	0.0154935	
53	0.0153981	
54	0.0152817	
55	0.0151616	
56	0.0150376	
57	0.0149251	
58	0.0147725	
59	0.0146332	
60	0.0144959	
61	0.0143376	
62	0.0141698	
63	0.0139924	
64	0.0137921	
65	0.0135956	
66	0.0133801	
67	0.013176	
68	0.0129586	
69	0.0127316	
70	0.0124951	
71	0.0122529	
72	0.0119935	
73	0.0117341	
74	0.0114728	
75	0.0112076	
76	0.0109425	
77	0.0106679	
78	0.0103913	
79	0.0101185	
80	0.00985152	
81	0.00960165	
82	0.00935179	
83	0.00911337	
84	0.00889975	
85	0.00869948	
86	0.00852209	
87	0.00837332	
88	0.00824362	
89	0.00814825	
90	0.0080834	
91	0.00804716	
92	0.00804907	
93	0.00806624	
94	0.00813872	
95	0.00822073	
96	0.00833136	
97	0.00846678	
98	0.00864035	
99	0.00886732	
100	0.00902945	
101	0.00923544	
102	0.0094586	
103	0.00969511	
104	0.00994879	
105	0.0102006	
106	0.0104428	
107	0.0107022	
108	0.0109482	
109	0.0111828	
110	0.0114327	
111	0.0116635	
112	0.0119038	
113	0.012127	
114	0.0123406	
115	0.0125485	
116	0.012764	
117	0.0129853	
118	0.0131798	
119	0.0133496	
120	0.0135289	
121	0.0136967	
122	0.0138646	
123	0.0140439	
124	0.0141926	
125	0.01433	
126	0.0144559	
127	0.0145913	
128	0.0147076	
129	0.0148144	
130	0.0149003	
131	0.0149899	
132	0.0150719	
133	0.0151406	
134	0.0152131	
135	0.0152817	
136	0.015337	
137	0.0153924	
138	0.0154477	
139	0.0154763	
140	0.0154954	
141	0.015503	
142	0.0155316	
143	0.015543	
144	0.0155621	
145	0.0155717	
146	0.0155926	
147	0.0156193	
148	0.0156117	
149	0.0156003	
150	0.0155945	
151	0.0155945	
152	0.0155812	
153	0.0155583	
154	0.0155392	
155	0.0155011	
156	0.0154782	
157	0.0154515	
158	0.015421	
159	0.0154076	
160	0.015358	
161	0.0153294	
162	0.0153161	
163	0.0152684	
164	0.015236	
165	0.0151978	
166	0.0151635	
167	0.0151024	
168	0.0150815	
169	0.0150376	
170	0.0148736	
171	0.0148602	
172	0.0148335	
173	0.0148087	
174	0.0147839	
175	0.0147725	
176	0.0147515	
177	0.0147458	
178	0.014742	
179	0.0147381	
180	0.0147572	
181	0.0147763	
182	0.0147973	