0	0.0330718	
1	0.033087	
2	0.0331061	
3	0.033129	
4	0.0331481	
5	0.03315	
6	0.0331481	
7	0.0331423	
8	0.0331309	
9	0.0331175	
10	0.0330927	
11	0.0330622	
12	0.0330298	
13	0.0329821	
14	0.0329344	
15	0.0328906	
16	0.0328352	
17	0.0327723	
18	0.0327094	
19	0.0326407	
20	0.0325625	
21	0.0324862	
22	0.0324023	
23	0.032305	
24	0.0322039	
25	0.0320933	
26	0.031975	
27	0.0318511	
28	0.0317271	
29	0.0315993	
30	0.0314848	
31	0.0313475	
32	0.0312082	
33	0.0310613	
34	0.0308973	
35	0.0307237	
36	0.0305425	
37	0.0303499	
38	0.0301534	
39	0.0299436	
40	0.02973	
41	0.0295202	
42	0.0293046	
43	0.0290929	
44	0.0288659	
45	0.0286332	
46	0.0283872	
47	0.0281297	
48	0.0278569	
49	0.0275766	
50	0.027279	
51	0.0269719	
52	0.0266458	
53	0.0263063	
54	0.0259591	
55	0.0255986	
56	0.0252286	
57	0.0248395	
58	0.0244275	
59	0.0240041	
60	0.0235578	
61	0.0231038	
62	0.0226213	
63	0.0221158	
64	0.0215875	
65	0.0210344	
66	0.0204393	
67	0.0197946	
68	0.0191499	
69	0.0184823	
70	0.0177823	
71	0.0170385	
72	0.016266	
73	0.0154477	
74	0.0146046	
75	0.0137177	
76	0.0127869	
77	0.0118142	
78	0.0108128	
79	0.00978667	
80	0.0087319	
81	0.00764659	
82	0.00656131	
83	0.00548747	
84	0.00444606	
85	0.00345995	
86	0.00255968	
87	0.00178147	
88	0.00115968	
89	0.000720982	
90	0.000513081	
91	0.000539783	
92	0.000793461	
93	0.00125504	
94	0.00189973	
95	0.00269319	
96	0.00358202	
97	0.0045357	
98	0.00553134	
99	0.00655559	
100	0.00756839	
101	0.00856978	
102	0.00954443	
103	0.0104981	
104	0.0114213	
105	0.0123101	
106	0.0131627	
107	0.0139847	
108	0.0147629	
109	0.0155068	
110	0.0162221	
111	0.0168992	
112	0.0175477	
113	0.0181695	
114	0.0187608	
115	0.0193273	
116	0.0198728	
117	0.0203973	
118	0.0208894	
119	0.0213624	
120	0.0218145	
121	0.0222512	
122	0.0226747	
123	0.0230809	
124	0.023472	
125	0.0238553	
126	0.0242292	
127	0.0245782	
128	0.0249158	
129	0.0252458	
130	0.0255681	
131	0.0258695	
132	0.0261689	
133	0.0264436	
134	0.0267049	
135	0.0269624	
136	0.0272046	
137	0.0274488	
138	0.0276757	
139	0.0279027	
140	0.0281259	
141	0.0283414	
142	0.0285474	
143	0.0287515	
144	0.0289422	
145	0.029133	
146	0.0293065	
147	0.0294839	
148	0.0296632	
149	0.0298482	
150	0.0300218	
151	0.0301954	
152	0.0303594	
153	0.0305177	
154	0.0306703	
155	0.0308191	
156	0.030964	
157	0.0311013	
158	0.0312291	
159	0.0313513	
160	0.0314658	
161	0.0315802	
162	0.0316947	
163	0.0317976	
164	0.0318911	
165	0.0319846	
166	0.0320761	
167	0.03216	
168	0.0322421	
169	0.0323203	
170	0.0323946	
171	0.0324671	
172	0.0325205	
173	0.0325797	
174	0.0326254	
175	0.0326693	
176	0.0327132	
177	0.0327532	
178	0.0327837	
179	0.0328104	
180	0.0328333	
181	0.0328524	
182	0.0328696	
183	0.0328734	
184	0.0328772	
185	0.0328791	
186	0.032881	
187	0.032881	
188	0.0328772	
189	0.0328677	
190	0.0328581	
191	0.0328429	
192	0.0328219	
193	0.0327971	
194	0.0327647	
195	0.0327322	
196	0.0327075	
197	0.0326655	
198	0.0326121	
199	0.0325606	
200	0.0324938	
201	0.0324194	
202	0.0323355	
203	0.032244	
204	0.0321543	
205	0.0320609	
206	0.0319598	
207	0.0318453	
208	0.0317156	
209	0.0315821	
210	0.0314372	
211	0.0312922	
212	0.0311414	
213	0.0309869	
214	0.0308229	
215	0.0306588	
216	0.0304853	
217	0.0303041	
218	0.0301172	
219	0.0299207	
220	0.0297204	
221	0.0295068	
222	0.0293065	
223	0.0291692	
224	0.0289804	
225	0.0287477	
226	0.0284883	
227	0.028227	
228	0.0279523	
229	0.0276643	
230	0.0273706	
231	0.0270616	
232	0.0267373	
233	0.0263997	
234	0.0260431	
235	0.025673	
236	0.025324	
237	0.0249406	
238	0.0245305	
239	0.0240861	
240	0.0236551	
241	0.0231954	
242	0.0227262	
243	0.0222265	
244	0.0217153	
245	0.0211717	
246	0.0206014	
247	0.0199929	
248	0.0193464	
249	0.0186788	
250	0.0179826	
251	0.0172387	
252	0.0164624	
253	0.0156461	
254	0.0148106	
255	0.0139218	
256	0.0129872	
257	0.012024	
258	0.0110055	
259	0.00996786	
260	0.00889403	
261	0.00779727	
262	0.00669673	
263	0.00561717	
264	0.00456622	
265	0.0035782	
266	0.00268175	
267	0.00191499	
268	0.00129891	
269	0.000892643	
270	0.000709537	
271	0.000753406	
272	0.00102425	
273	0.00150491	
274	0.00210382	
275	0.00289728	
276	0.00378801	
277	0.00473598	
278	0.00572017	
279	0.00672725	
280	0.0077267	
281	0.00871092	
282	0.00968176	
283	0.0106221	
284	0.0115281	
285	0.0124074	
286	0.0132561	
287	0.0140687	
288	0.0148564	
289	0.0155964	
290	0.0162984	
291	0.0169698	
292	0.0176183	
293	0.0182287	
294	0.018818	
295	0.0193712	
296	0.0199014	
297	0.0204202	
298	0.0209142	
299	0.0213987	
300	0.0218641	
301	0.0223123	
302	0.0227357	
303	0.0231401	
304	0.0235311	
305	0.0239145	
306	0.0242711	
307	0.0246164	
308	0.0249463	
309	0.0252553	
310	0.0255567	
311	0.0258447	
312	0.0261365	
313	0.026415	
314	0.0266839	
315	0.026949	
316	0.0272046	
317	0.0274469	
318	0.0276757	
319	0.0278951	
320	0.0281106	
321	0.0283223	
322	0.0285245	
323	0.0287267	
324	0.0289136	
325	0.0290967	
326	0.0292741	
327	0.0294439	
328	0.0296174	
329	0.0297853	
330	0.0299436	
331	0.0301057	
332	0.030264	
333	0.0304204	
334	0.0305845	
335	0.030737	
336	0.0308839	
337	0.0310212	
338	0.0311643	
339	0.0313075	
340	0.0314372	
341	0.031563	
342	0.0316756	
343	0.0317824	
344	0.0318873	
345	0.0319846	
346	0.032078	
347	0.0321639	
348	0.0322535	
349	0.0323336	
350	0.0324061	
351	0.0324748	
352	0.0325415	
353	0.0325968	
354	0.0326502	
355	0.0326979	
356	0.032738	
357	0.0327723	
358	0.0328104	
359	0.0328391	
360	0.0328639	