0	0.0273439	
2	0.0274087	
4	0.0274812	
6	0.0275213	
8	0.0275499	
10	0.0275689	
12	0.027567	
14	0.0275575	
16	0.0275289	
18	0.0274812	
20	0.0274202	
22	0.0273381	
24	0.0272332	
26	0.027094	
28	0.026909	
30	0.0267717	
32	0.026558	
34	0.0263292	
36	0.0260431	
38	0.0257684	
40	0.0252839	
42	0.0248529	
44	0.0244523	
46	0.0240003	
48	0.0235082	
50	0.0229627	
52	0.0223981	
54	0.0217439	
56	0.0210325	
58	0.0202447	
60	0.0194074	
62	0.0184842	
64	0.0175115	
66	0.0164415	
68	0.0152817	
70	0.0140343	
72	0.012703	
74	0.0112973	
76	0.00982481	
78	0.00832564	
80	0.00688365	
82	0.0055199	
84	0.00433925	
86	0.00345422	
88	0.00296594	
90	0.00294687	
92	0.00339319	
94	0.00426868	
96	0.00543407	
98	0.0067654	
100	0.00818259	
102	0.00963789	
104	0.0110665	
106	0.0124398	
108	0.0137177	
110	0.0148926	
112	0.0160199	
114	0.0170404	
116	0.0179559	
118	0.0188466	
120	0.0196267	
122	0.0203439	
124	0.0210286	
126	0.0216447	
128	0.0221959	
130	0.0227166	
132	0.0231839	
134	0.0236017	
136	0.0239888	
138	0.0243207	
140	0.0246698	
142	0.0249616	
144	0.0252343	
146	0.0254899	
148	0.025715	
150	0.025921	
152	0.0260698	
154	0.0262758	
156	0.0264379	
158	0.0265867	
160	0.0266877	
162	0.0268422	
164	0.0269567	
166	0.0270864	
168	0.0271817	
170	0.0272466	
172	0.0273458	
174	0.0274755	
176	0.0275861	
178	0.02763	
180	0.0277063	