0	0.0265237	
1	0.0265123	
2	0.0265218	
3	0.0265123	
4	0.026497	
5	0.0264779	
6	0.0264627	
7	0.0264474	
8	0.0264226	
9	0.0263807	
10	0.0263463	
11	0.0263101	
12	0.0262567	
13	0.0261956	
14	0.0260965	
15	0.0260373	
16	0.0258962	
17	0.0257913	
18	0.0257322	
19	0.0256082	
20	0.0254766	
21	0.0255014	
22	0.0253507	
23	0.025261	
24	0.0250989	
25	0.0249311	
26	0.0247766	
27	0.024645	
28	0.0245057	
29	0.0242921	
30	0.0241319	
31	0.0239621	
32	0.0237466	
33	0.0235177	
34	0.0233785	
35	0.0231439	
36	0.0229551	
37	0.0227929	
38	0.0226308	
39	0.0223085	
40	0.0221235	
41	0.0218774	
42	0.0216504	
43	0.0214998	
44	0.0211869	
45	0.0209962	
46	0.0205728	
47	0.0203553	
48	0.020075	
49	0.0197889	
50	0.0194951	
51	0.0191976	
52	0.0189191	
53	0.018593	
54	0.0182935	
55	0.0179654	
56	0.017624	
57	0.0172826	
58	0.0167581	
59	0.016369	
60	0.0159856	
61	0.0155926	
62	0.0151845	
63	0.0147687	
64	0.0143662	
65	0.0138989	
66	0.013609	
67	0.0132352	
68	0.012785	
69	0.012333	
70	0.0118104	
71	0.0112591	
72	0.0107842	
73	0.0103875	
74	0.00992018	
75	0.00945288	
76	0.00905806	
77	0.00862128	
78	0.00806624	
79	0.00658229	
80	0.00611308	
81	0.00551608	
82	0.00491145	
83	0.00433734	
84	0.0038109	
85	0.0032654	
86	0.00274469	
87	0.00226404	
88	0.00185586	
89	0.0014763	
90	0.00111199	
91	0.000869755	
92	0.000640873	
93	0.00046921	
94	0.000391008	
95	0.000394823	
96	0.000467302	
97	0.000602726	
98	0.000814442	
99	0.00110818	
100	0.0014763	
101	0.00200273	
102	0.00247003	
103	0.00296976	
104	0.00350191	
105	0.00423053	
106	0.00535968	
107	0.00542644	
108	0.00587466	
109	0.00652698	
110	0.00715259	
111	0.00785834	
112	0.00819594	
113	0.00903136	
114	0.00972944	
115	0.0104352	
116	0.0109921	
117	0.0115224	
118	0.0120602	
119	0.0125275	
120	0.0132123	
121	0.0134926	
122	0.0139466	
123	0.0144692	
124	0.014927	
125	0.0153885	
126	0.0161935	
127	0.0163785	
128	0.0167333	
129	0.0172044	
130	0.0176374	
131	0.0186197	
132	0.0185205	
133	0.0186597	
134	0.0192949	
135	0.0196077	
136	0.0199624	
137	0.0203859	
138	0.020548	
139	0.0210477	
140	0.0214273	
141	0.021679	
142	0.0219537	
143	0.0222455	
144	0.0226365	
145	0.022936	
146	0.0229036	
147	0.0231076	
148	0.0233213	
149	0.0235749	
150	0.0237924	
151	0.0240079	
152	0.0241948	
153	0.0243894	
154	0.0245343	
155	0.0247327	
156	0.0248853	
157	0.025057	
158	0.0252038	
159	0.0253469	
160	0.0255033	
161	0.0256406	
162	0.0257646	
163	0.0258924	
164	0.0259973	
165	0.0260907	
166	0.0261575	
167	0.0262796	
168	0.0263482	
169	0.0264093	
170	0.0265046	
171	0.0265714	
172	0.026642	
173	0.0266973	
174	0.0267507	
175	0.0267965	
176	0.0268422	
177	0.0268747	
178	0.0269014	
179	0.0269223	
180	0.0269414	
181	0.0269624	
182	0.0269643	
183	0.0269643	
184	0.0269548	
185	0.0269548	
186	0.0269319	
187	0.026909	
188	0.0268728	
189	0.0268422	
190	0.0268232	
191	0.0267545	
192	0.026682	
193	0.0266153	
194	0.0265523	
195	0.0264722	
196	0.0263807	
197	0.0263139	
198	0.0262166	
199	0.0261098	
200	0.0260106	
201	0.0258905	
202	0.0257684	
203	0.0256387	
204	0.0255204	
205	0.0253774	
206	0.0252382	
207	0.0250875	
208	0.0249444	
209	0.0247823	
210	0.0246183	
211	0.0244409	
212	0.0242597	
213	0.0240709	
214	0.0238744	
215	0.0236741	
216	0.02347	
217	0.0232602	
218	0.0230676	
219	0.0228292	
220	0.0228273	
221	0.0223409	
222	0.0220472	
223	0.0217763	
224	0.021515	
225	0.0212709	
226	0.0209943	
227	0.0207216	
228	0.0204431	
229	0.0201513	
230	0.0198461	
231	0.0195256	
232	0.0191957	
233	0.01886	
234	0.0185281	
235	0.018181	
236	0.0178491	
237	0.0174848	
238	0.0171109	
239	0.0167295	
240	0.0163347	
241	0.015936	
242	0.0155068	
243	0.0150509	
244	0.014639	
245	0.014206	
246	0.0137444	
247	0.0132886	
248	0.0127984	
249	0.0123025	
250	0.0117913	
251	0.0112897	
252	0.0107499	
253	0.0102025	
254	0.0096646	
255	0.00910956	
256	0.00853926	
257	0.00794035	
258	0.00735667	
259	0.0067673	
260	0.00617221	
261	0.00557902	
262	0.00498393	
263	0.00441745	
264	0.00385667	
265	0.00331308	
266	0.00277902	
267	0.00229265	
268	0.00183106	
269	0.00142289	
270	0.00106812	
271	0.00077248	
272	0.00054932	
273	0.000394823	
274	0.000326158	
275	0.000333788	
276	0.000421526	
277	0.00058556	
278	0.000825886	
279	0.00113869	
280	0.00150872	
281	0.00193978	
282	0.00242044	
283	0.00294305	
284	0.00351144	
285	0.00410464	
286	0.00471309	
287	0.00536349	
288	0.00600246	
289	0.00664905	
290	0.00729373	
291	0.00794035	
292	0.00858122	
293	0.00921446	
294	0.00985533	
295	0.0104695	
296	0.0110589	
297	0.0116387	
298	0.0121995	
299	0.0127431	
300	0.0132847	
301	0.0138074	
302	0.0143262	
303	0.0148526	
304	0.0153485	
305	0.0158216	
306	0.0162755	
307	0.0167085	
308	0.0171338	
309	0.0175115	
310	0.0179406	
311	0.0183336	
312	0.0187093	
313	0.0190812	
314	0.0194341	
315	0.019785	
316	0.0201112	
317	0.0204335	
318	0.0207292	
319	0.0210096	
320	0.0212976	
321	0.0215799	
322	0.0218507	
323	0.0221025	
324	0.0223428	
325	0.0225908	
326	0.0227987	
327	0.0230066	
328	0.0232164	
329	0.0234376	
330	0.0236684	
331	0.0239068	
332	0.0244275	
333	0.0245858	
334	0.0249807	
335	0.0255929	
336	0.0253145	
337	0.0254461	
338	0.0255853	
339	0.0257512	
340	0.0259839	
341	0.0258943	
342	0.0259095	
343	0.026024	
344	0.0261041	
345	0.0260316	
346	0.0258657	
347	0.0259858	
348	0.0261232	
349	0.026127	
350	0.026106	
351	0.0261289	
352	0.0261632	
353	0.02623	
354	0.0263215	
355	0.0264207	
356	0.0266	
357	0.026394	
358	0.0267488	
359	0.0265523	
360	0.0266401	