0	0.0204412	
2	0.0203744	
4	0.0202752	
6	0.0201818	
8	0.0200883	
10	0.0199376	
12	0.0197812	
14	0.019621	
16	0.0194474	
18	0.0192662	
20	0.0190927	
22	0.0189267	
24	0.0187513	
26	0.018572	
28	0.0183812	
30	0.0181943	
32	0.0180112	
34	0.0178338	
36	0.0176526	
38	0.0174676	
40	0.0172845	
42	0.0170976	
44	0.0169202	
46	0.0167295	
48	0.0165387	
50	0.0163442	
52	0.0161344	
54	0.0159208	
56	0.0156881	
58	0.0154362	
60	0.0151673	
62	0.0148755	
64	0.0145512	
66	0.0141965	
68	0.013794	
70	0.0133572	
72	0.0129128	
74	0.0124112	
76	0.0117932	
78	0.0111294	
80	0.0103875	
82	0.00955778	
84	0.00862128	
86	0.00758746	
88	0.00646976	
90	0.00526622	
92	0.00401309	
94	0.00278665	
96	0.00166512	
98	0.00077248	
100	0.000242234	
102	0.000186921	
104	0.000656132	
106	0.0015812	
108	0.0028515	
110	0.0043011	
112	0.005806	
114	0.0072861	
116	0.00868803	
118	0.00992972	
120	0.0111561	
122	0.0122395	
124	0.0132046	
126	0.0140763	
128	0.014824	
130	0.0155182	
132	0.0161115	
134	0.0166875	
136	0.0172082	
138	0.0176603	
140	0.0180703	
142	0.0184327	
144	0.0187474	
146	0.0190755	
148	0.0193425	
150	0.0195352	
152	0.0196992	
154	0.0198804	
156	0.0200273	
158	0.0201513	
160	0.0202543	
162	0.0203401	
164	0.0203992	
166	0.0204488	
168	0.0204736	
170	0.0204889	
172	0.0204755	
174	0.0204412	
176	0.0203878	
178	0.0203229	
180	0.0202409	