0	0.0299493	
1	0.0300237	
2	0.0300351	
3	0.0300504	
4	0.0300809	
5	0.0300924	
6	0.0301019	
7	0.0301038	
8	0.0300885	
9	0.0300752	
10	0.0300447	
11	0.0300237	
12	0.0299855	
13	0.0299455	
14	0.0299016	
15	0.0298539	
16	0.0297948	
17	0.0297319	
18	0.0296556	
19	0.0295888	
20	0.0295106	
21	0.0294286	
22	0.029339	
23	0.0292417	
24	0.0291387	
25	0.0290242	
26	0.028906	
27	0.0287839	
28	0.0286447	
29	0.0285112	
30	0.0283738	
31	0.0282365	
32	0.0280839	
33	0.0279313	
34	0.0277768	
35	0.0275899	
36	0.0274144	
37	0.0272237	
38	0.0270025	
39	0.0267812	
40	0.0265619	
41	0.026333	
42	0.0260907	
43	0.025839	
44	0.0255834	
45	0.0253145	
46	0.0250398	
47	0.0247575	
48	0.0244657	
49	0.0241567	
50	0.0238324	
51	0.0234948	
52	0.0231363	
53	0.022772	
54	0.0223924	
55	0.0219976	
56	0.0215894	
57	0.021166	
58	0.0207158	
59	0.0202543	
60	0.019787	
61	0.0192987	
62	0.0187932	
63	0.0182592	
64	0.0177194	
65	0.0171529	
66	0.0165578	
67	0.0159475	
68	0.0153046	
69	0.0146371	
70	0.0139466	
71	0.0132237	
72	0.0124798	
73	0.0117169	
74	0.0109196	
75	0.0101224	
76	0.00928313	
77	0.00843436	
78	0.0075703	
79	0.00670436	
80	0.00582889	
81	0.00496867	
82	0.00413707	
83	0.00333978	
84	0.00258638	
85	0.00189973	
86	0.00128938	
87	0.000783924	
88	0.000389101	
89	0.000133515	
90	2.47956E-5	
91	6.2943E-5	
92	0.000247957	
93	0.000566486	
94	0.00100899	
95	0.00156594	
96	0.00220682	
97	0.00291254	
98	0.00367548	
99	0.00446704	
100	0.0052624	
101	0.00610355	
102	0.00692561	
103	0.00774577	
104	0.00855452	
105	0.00934225	
106	0.0101128	
107	0.0108567	
108	0.0115777	
109	0.0122872	
110	0.0129643	
111	0.0136376	
112	0.0142861	
113	0.0148621	
114	0.015461	
115	0.0160524	
116	0.0165921	
117	0.0171109	
118	0.0175992	
119	0.0180646	
120	0.0185376	
121	0.0190049	
122	0.0194513	
123	0.0199071	
124	0.0203439	
125	0.0207673	
126	0.0211679	
127	0.0215493	
128	0.0219117	
129	0.0222493	
130	0.0225869	
131	0.0229055	
132	0.0232106	
133	0.0235082	
134	0.0237943	
135	0.0240785	
136	0.0243512	
137	0.0246125	
138	0.0248662	
139	0.0251085	
140	0.0253431	
141	0.0255662	
142	0.0257818	
143	0.0259782	
144	0.0261804	
145	0.0264474	
146	0.0266687	
147	0.0268575	
148	0.0270425	
149	0.0272161	
150	0.0273763	
151	0.0275384	
152	0.0276929	
153	0.0278398	
154	0.0280038	
155	0.0281526	
156	0.0282918	
157	0.0284272	
158	0.0285627	
159	0.0286847	
160	0.0288049	
161	0.0289155	
162	0.029009	
163	0.0291101	
164	0.0291978	
165	0.0292856	
166	0.0293885	
167	0.0294763	
168	0.0295526	
169	0.0296346	
170	0.0297071	
171	0.02977	
172	0.0298291	
173	0.0298864	
174	0.0299436	
175	0.0299951	
176	0.0300447	
177	0.0300866	
178	0.0301324	
179	0.0301591	
180	0.0301877	
181	0.0302163	
182	0.0302354	
183	0.0302469	
184	0.0302564	
185	0.0302621	
186	0.0302621	
187	0.0302583	
188	0.0302411	
189	0.030224	
190	0.0301992	
191	0.0301706	
192	0.0301324	
193	0.0300905	
194	0.0300485	
195	0.0300027	
196	0.0299455	
197	0.0298787	
198	0.0298101	
199	0.0297338	
200	0.0296499	
201	0.0295602	
202	0.0294687	
203	0.0293733	
204	0.0292722	
205	0.0291616	
206	0.029049	
207	0.0289251	
208	0.0287992	
209	0.0286657	
210	0.0285226	
211	0.0283643	
212	0.0282022	
213	0.0280401	
214	0.0278722	
215	0.0276872	
216	0.0274984	
217	0.0272981	
218	0.027094	
219	0.0269033	
220	0.0266782	
221	0.0264531	
222	0.0262223	
223	0.0259839	
224	0.0257303	
225	0.0254785	
226	0.0252191	
227	0.0249482	
228	0.0246431	
229	0.0243245	
230	0.0240003	
231	0.0236722	
232	0.0233194	
233	0.0229837	
234	0.0226079	
235	0.0222341	
236	0.0218335	
237	0.0214616	
238	0.0210019	
239	0.0205117	
240	0.0200673	
241	0.0195848	
242	0.0191308	
243	0.0185834	
244	0.0178777	
245	0.0172769	
246	0.016678	
247	0.01606	
248	0.015421	
249	0.014761	
250	0.0140877	
251	0.0133935	
252	0.0126687	
253	0.0119076	
254	0.0111848	
255	0.0103703	
256	0.00954252	
257	0.00868231	
258	0.00781447	
259	0.0069752	
260	0.00609973	
261	0.00522807	
262	0.00433162	
263	0.00350954	
264	0.00271989	
265	0.00200273	
266	0.00136376	
267	0.000835422	
268	0.000425341	
269	0.000152589	
270	4.00546E-5	
271	8.01091E-5	
272	0.00027466	
273	0.000612263	
274	0.00107957	
275	0.00166131	
276	0.00232317	
277	0.00306894	
278	0.00383569	
279	0.00465587	
280	0.0054951	
281	0.00630954	
282	0.00717929	
283	0.00797659	
284	0.00877196	
285	0.00951773	
286	0.0101491	
287	0.0109273	
288	0.0116139	
289	0.0123425	
290	0.0132523	
291	0.0138932	
292	0.0144807	
293	0.014946	
294	0.0155278	
295	0.0161039	
296	0.0166456	
297	0.0171701	
298	0.0176622	
299	0.0181009	
300	0.0187761	
301	0.0191575	
302	0.0197202	
303	0.0201036	
304	0.0205804	
305	0.0209142	
306	0.0212995	
307	0.0216333	
308	0.0219842	
309	0.0223275	
310	0.0226651	
311	0.0229875	
312	0.0232984	
313	0.0236093	
314	0.0238992	
315	0.0241548	
316	0.0244313	
317	0.0246698	
318	0.0249292	
319	0.0251733	
320	0.0254098	
321	0.0256463	
322	0.0258752	
323	0.0260926	
324	0.0263025	
325	0.0265046	
326	0.0266992	
327	0.0268918	
328	0.0270768	
329	0.0272542	
330	0.0274259	
331	0.0275918	
332	0.027752	
333	0.0279027	
334	0.0280458	
335	0.028185	
336	0.0283147	
337	0.0284463	
338	0.0285741	
339	0.0286981	
340	0.0288182	
341	0.0289041	
342	0.0290071	
343	0.0291005	
344	0.0291864	
345	0.0292798	
346	0.029379	
347	0.0294744	
348	0.0295869	
349	0.0296422	
350	0.0297071	
351	0.0297757	
352	0.0298425	
353	0.0299112	
354	0.0299493	
355	0.0299588	
356	0.0300103	
357	0.0300313	
358	0.030039	
359	0.0300695	
360	0.0300905	