0	0.00439647	
0.2	0.00442317	
0.4	0.00446132	
0.6	0.00452235	
0.8	0.00459102	
1	0.00467685	
1.2	0.00476649	
1.4	0.00488284	
1.6	0.00500682	
1.8	0.00513843	
2	0.00529674	
2.2	0.0054684	
2.4	0.005703	
2.6	0.00584796	
2.8	0.00602534	
3	0.00621036	
3.2	0.00641063	
3.4	0.00661662	
3.6	0.00681308	
3.8	0.00701526	
4	0.0072327	
4.2	0.00745967	
4.4	0.00769809	
4.6	0.00793463	
4.8	0.00817114	
5	0.00840765	
5.2	0.00864989	
5.4	0.00888258	
5.6	0.00912291	
5.8	0.00936133	
6	0.0096131	
6.2	0.00986487	
6.4	0.0101243	
6.6	0.0103646	
6.8	0.0106907	
7	0.0108719	
7.2	0.0111313	
7.4	0.0113621	
7.6	0.0115529	
7.8	0.0117989	
8	0.012003	
8.2	0.0122204	
8.4	0.012436	
8.6	0.0126458	
8.8	0.0128632	
9	0.0130444	
9.2	0.0132504	
9.4	0.0134049	
9.6	0.0135918	
9.8	0.0137845	
10	0.0139695	
10.2	0.0141774	
10.4	0.0143643	
10.6	0.0145379	
10.8	0.0147305	
11	0.0149098	
11.2	0.0150948	
11.4	0.0152531	
11.6	0.015442	
11.8	0.015606	
12	0.0157739	
12.2	0.015936	
12.4	0.016102	
12.6	0.0162469	
12.8	0.0163957	
13	0.0165597	
13.2	0.0167028	
13.4	0.0168477	
13.6	0.0170079	
13.8	0.017151	
14	0.0172788	
14.2	0.0174161	
14.4	0.0175458	
14.6	0.0176889	
14.8	0.0178243	
15	0.0179406	
15.2	0.0180627	
15.4	0.0182096	
15.6	0.018345	
15.8	0.0184652	
16	0.0185701	
16.2	0.0186826	
16.4	0.0188142	
16.6	0.0189306	
16.8	0.0190221	
17	0.0191308	
17.2	0.0192605	
17.4	0.0193692	
17.6	0.0194703	
17.8	0.0195657	
18	0.019663	
18.2	0.0197793	
18.4	0.0198728	
18.6	0.0199739	
18.8	0.0200731	
19	0.0201722	
19.2	0.0202657	
19.4	0.0203439	
19.6	0.0204393	
19.8	0.020527	
20	0.0206205	
20.2	0.0207139	
20.4	0.0208017	
20.6	0.0208875	
20.8	0.0209657	
21	0.021042	
21.2	0.0211202	
21.4	0.0211908	
21.6	0.0212632	
21.8	0.0213472	
22	0.0214292	
22.2	0.0214998	
22.4	0.0215703	
22.6	0.0216371	
22.8	0.0217057	
23	0.0217649	
23.2	0.0218316	
23.4	0.0218908	
23.6	0.0219461	
23.8	0.0220071	
24	0.022072	
24.2	0.0221254	
24.4	0.0221864	
24.6	0.0222436	
24.8	0.0222989	
25	0.0223562	
25.2	0.0224191	
25.4	0.0224744	
25.6	0.022524	
25.8	0.0225736	
26	0.0226175	
26.2	0.022669	
26.4	0.0227052	
26.6	0.0227491	
26.8	0.0228807	
27	0.0229818	
27.2	0.0230409	
27.4	0.0231134	
27.6	0.023182	
27.8	0.0231992	
28	0.0232373	
28.2	0.0232984	
28.4	0.0233136	
28.6	0.0233308	
28.8	0.023388	
29	0.0234433	
29.2	0.0234853	
29.4	0.0235692	
29.6	0.0236322	
29.8	0.0236741	
30	0.0237046	
30.2	0.0237561	
30.4	0.0237161	
30.6	0.0237714	
30.8	0.0238076	
31	0.023842	
31.2	0.0238858	
31.4	0.0239259	
31.6	0.0239583	
31.8	0.0240175	
32	0.0240175	
32.2001	0.0242444	
32.4001	0.0242635	
32.6001	0.0243112	
32.8001	0.0246164	
33.0001	0.0243989	
33.2001	0.0243608	
33.4001	0.0243875	
33.6001	0.024439	
33.8001	0.0244657	
34.0001	0.0244943	
34.2001	0.0245248	
34.4001	0.0245706	
34.6001	0.0245916	
34.8001	0.024624	
35.0001	0.0246335	
35.2001	0.0246469	
35.4001	0.0246907	
35.6001	0.0247442	
35.8001	0.0247575	
36.0001	0.0247899	
36.2001	0.0248166	
36.4001	0.0248491	
36.6001	0.0248872	
36.8001	0.024891	
37.0001	0.0249254	
37.2001	0.0249425	
37.4001	0.024973	
37.6001	0.0250016	
37.8001	0.0250207	
38.0001	0.0250474	
38.2001	0.0250665	
38.4001	0.0250932	
38.6001	0.0251085	
38.8001	0.0251218	
39.0001	0.025139	
39.2001	0.0251523	
39.4001	0.0251695	
39.6001	0.0251924	
39.8001	0.0252057	
40.0001	0.0252172	
40.2001	0.0252191	
40.4001	0.0252439	
40.6001	0.025261	
40.8001	0.0252763	
41.0001	0.0253164	
41.2001	0.0253049	
41.4001	0.0253145	
41.6001	0.0253297	
41.8001	0.0253335	
42.0001	0.0253431	
42.2001	0.0253564	
42.4001	0.0253659	
42.6001	0.0253774	
42.8001	0.0253831	
43.0001	0.0253927	
43.2001	0.0254003	
43.4001	0.0254098	
43.6001	0.0254174	
43.8001	0.025427	
44.0001	0.0254346	
44.2001	0.0254422	
44.4001	0.0254518	
44.6001	0.0254556	
44.8001	0.025467	
45.0001	0.0254689	
45.2001	0.0254689	
45.4001	0.0254709	
45.6001	0.0254766	
45.8001	0.0254823	
46.0001	0.0254995	
46.2001	0.0255185	
46.4001	0.0255224	
46.6001	0.0255071	
46.8001	0.0255128	
47.0001	0.0254861	
47.2001	0.0254689	
47.4001	0.0254937	
47.6001	0.0254804	
47.8001	0.0254709	
48.0001	0.0254651	
48.2001	0.0254613	
48.4001	0.0254537	
48.6001	0.0254518	
48.8001	0.0254327	
49.0001	0.0254327	
49.2001	0.0254251	
49.4001	0.0254174	
49.6001	0.0254155	
49.8001	0.0254136	
50.0001	0.025406	
50.2001	0.0253507	
50.4001	0.0253469	
50.6001	0.025364	
50.8001	0.0253354	
51.0001	0.025282	
51.2001	0.0252763	
51.4001	0.025261	
51.6001	0.025242	
51.8001	0.0252076	
52.0001	0.0251867	
52.2001	0.0251714	
52.4001	0.0251352	
52.6001	0.0251218	
52.8001	0.0251104	
53.0001	0.0250856	
53.2001	0.0250703	
53.4001	0.0250531	
53.6001	0.0250322	
53.8001	0.0250036	
54.0001	0.0249845	
54.2001	0.0249597	
54.4001	0.024933	
54.6001	0.0249063	
54.8001	0.0248796	
55.0001	0.0248624	
55.2001	0.0248319	
55.4001	0.0248014	
55.6001	0.0247785	
55.8001	0.0247518	
56.0001	0.0247232	
56.2001	0.0246907	
56.4001	0.0246507	
56.6001	0.0246278	
56.8001	0.0245973	
57.0001	0.0245649	
57.2001	0.0245363	
57.4001	0.0245	
57.6001	0.0244695	
57.8001	0.0244409	
58.0001	0.0243989	
58.2001	0.0243608	
58.4002	0.0243188	
58.6002	0.0242673	
58.8002	0.0242215	
59.0002	0.0241891	
59.2002	0.024151	
59.4002	0.0240823	
59.6002	0.0240384	
59.8002	0.023985	
60.0002	0.0239164	
60.2002	0.0238687	
60.4002	0.0238286	
60.6002	0.0238	
60.8002	0.0237275	
61.0002	0.0236799	
61.2002	0.0236341	
61.4002	0.0235902	
61.6002	0.0235482	
61.8002	0.0236264	
62.0002	0.023594	
62.2002	0.0235502	
62.4002	0.0234739	
62.6002	0.0234224	
62.8002	0.023369	
63.0002	0.0233136	
63.2002	0.0232564	
63.4002	0.023203	
63.6002	0.0231534	
63.8002	0.0230962	
64.0002	0.0230504	
64.2002	0.0229856	
64.4002	0.0229322	
64.6002	0.022873	
64.8002	0.0228082	
65.0002	0.0227605	
65.2001	0.0227014	
65.4001	0.0226518	
65.6001	0.0225679	
65.8001	0.0224916	
66.0001	0.0224324	
66.2001	0.0223752	
66.4001	0.0223066	
66.6001	0.0222875	
66.8001	0.0222322	
67.0001	0.0221444	
67.2001	0.022091	
67.4001	0.0220357	
67.6001	0.0219499	
67.8001	0.021885	
68.0001	0.0218469	
68.2001	0.0217725	
68.4001	0.0217019	
68.6001	0.0216447	
68.8001	0.0215722	
69.0001	0.0215131	
69.2001	0.0214788	
69.4001	0.0214006	
69.6001	0.0212518	
69.8001	0.0211774	
70.0001	0.0210973	
70.2001	0.0210325	
70.4001	0.0209409	
70.6001	0.0208474	
70.8001	0.0207921	
71.0001	0.0207158	
71.2001	0.0206414	
71.4001	0.0205346	
71.6001	0.0204488	
71.8	0.020363	
72	0.0202676	
72.2	0.020178	
72.4	0.0200807	
72.6	0.0199872	
72.8	0.019888	
73	0.019787	
73.2	0.0196878	
73.4	0.019581	
73.6	0.0195028	
73.8	0.0193654	
74	0.0192109	
74.2	0.019106	
74.4	0.0190145	
74.6	0.0188657	
74.8	0.018736	
75	0.0186311	
75.2	0.018509	
75.4	0.0183851	
75.6	0.018263	
75.8	0.0181276	
76	0.0179979	
76.2	0.0178777	
76.4	0.0177461	
76.6	0.0176049	
76.8	0.01746	
77	0.0173093	
77.2	0.0171777	
77.4	0.0170346	
77.6	0.0168821	
77.8	0.0167428	
78	0.0166131	
78.2	0.0164491	
78.3999	0.0162965	
78.5999	0.0161382	
78.7999	0.0159761	
78.9999	0.0158197	
79.1999	0.0156518	
79.3999	0.0154896	
79.5999	0.0153142	
79.7999	0.0151425	
79.9999	0.0149651	
80.1999	0.0147935	
80.3999	0.0146027	
80.5999	0.0144158	
80.7999	0.014227	
80.9999	0.0140305	
81.1999	0.0138417	
81.3999	0.0136548	
81.5999	0.0134507	
81.7999	0.0132466	
81.9999	0.0130406	
82.1999	0.0128327	
82.3999	0.0125867	
82.5999	0.0123578	
82.7999	0.0121213	
82.9999	0.0118962	
83.1999	0.0116654	
83.3999	0.011427	
83.5999	0.0111733	
83.7999	0.0109254	
83.9999	0.0106793	
84.1999	0.0104161	
84.3999	0.0101662	
84.5999	0.00990111	
84.7999	0.00965124	
84.9998	0.00942618	
85.1998	0.00916296	
85.3998	0.00887495	
85.5998	0.00860602	
85.7998	0.00831801	
85.9998	0.00803381	
86.1998	0.00774005	
86.3998	0.00745013	
86.5998	0.00715449	
86.7998	0.00685504	
86.9998	0.0065594	
87.1998	0.00625804	
87.3998	0.0059624	
87.5998	0.00566295	
87.7998	0.00537112	
87.9998	0.00507739	
88.1998	0.0047932	
88.3998	0.00449756	
88.5998	0.00421146	
88.7998	0.0039368	
88.9998	0.00366785	
89.1998	0.00340082	
89.3998	0.00312425	
89.5998	0.00288202	
89.7998	0.00265314	
89.9998	0.0024357	
90.1998	0.00223543	
90.3998	0.0020466	
90.5998	0.00187493	
90.7998	0.00172997	
90.9998	0.00162125	
91.1998	0.00151826	
91.3997	0.00141335	
91.5997	0.00134469	
91.7997	0.001297	
91.9997	0.00127221	
92.1997	0.00127221	
92.3997	0.00129891	
92.5997	0.00135232	
92.7997	0.00143052	
92.9997	0.00152398	
93.1997	0.00164033	
93.3997	0.00176812	
93.5997	0.00193787	
93.7997	0.00210764	
93.9997	0.00229265	
94.1997	0.00249673	
94.3997	0.00271417	
94.5997	0.00295259	
94.7997	0.00319673	
94.9997	0.00348093	
95.1997	0.00373651	
95.3997	0.00397304	
95.5997	0.00425914	
95.7997	0.00454906	
95.9997	0.00481799	
96.1997	0.00511363	
96.3997	0.00541881	
96.5997	0.00573733	
96.7997	0.00600436	
96.9997	0.00628284	
97.1997	0.00658229	
97.3997	0.00686648	
97.5997	0.00716594	
97.7997	0.00748065	
97.9996	0.00776866	
98.1996	0.00803953	
98.3996	0.00832945	
98.5996	0.00858122	
98.7996	0.00887305	
98.9996	0.00913435	
99.1996	0.00939947	
99.3996	0.00965124	
99.5996	0.00992781	
99.7996	0.0101872	
99.9996	0.0104428	
100.2	0.0106946	
100.4	0.0109521	
100.6	0.0112038	
100.8	0.0114365	
101	0.0116635	
101.2	0.0118943	
101.4	0.0121174	
101.6	0.0123368	
101.8	0.0125542	
102	0.0127793	
102.2	0.012991	
102.4	0.0131913	
102.6	0.0133954	
102.8	0.0135842	
103	0.0137959	
103.2	0.0139752	
103.4	0.0141621	
103.6	0.0143433	
103.8	0.0145398	
104	0.0146905	
104.2	0.0148602	
104.4	0.0150319	
104.6	0.0152074	
104.8	0.0153676	
105	0.0155526	
105.2	0.0157205	
105.4	0.0158674	
105.6	0.0160123	
105.8	0.016163	
106	0.0163099	
106.2	0.0164529	
106.4	0.0165979	
106.6	0.0167428	
106.8	0.0168821	
107	0.0170194	
107.2	0.0171663	
107.4	0.0172921	
107.6	0.0174276	
107.799	0.0175573	
107.999	0.0176793	
108.199	0.0177938	
108.399	0.0179273	
108.599	0.0180455	
108.799	0.0181619	
108.999	0.0182801	
109.199	0.0183965	
109.399	0.0185167	
109.599	0.0186292	
109.799	0.0187379	
109.999	0.0188504	
110.199	0.0189649	
110.399	0.019066	
110.599	0.0191728	
110.799	0.0192682	
110.999	0.0193635	
111.199	0.0194627	
111.399	0.0195695	
111.599	0.0196744	
111.799	0.0197641	
111.999	0.0198575	
112.199	0.019951	
112.399	0.0200597	
112.599	0.0201703	
112.799	0.0202543	
112.999	0.020342	
113.199	0.0204355	
113.399	0.0205232	
113.599	0.0206052	
113.799	0.0206109	
113.999	0.0205995	
114.199	0.0206758	
114.399	0.0207559	
114.599	0.020836	
114.799	0.0209142	
114.999	0.0209943	
115.199	0.0210725	
115.399	0.0211469	
115.599	0.0212251	
115.799	0.0213033	
115.999	0.0213777	
116.199	0.0214425	
116.399	0.0215131	
116.599	0.0215741	
116.799	0.0216409	
116.999	0.0217057	
117.199	0.0217458	
117.399	0.0218183	
117.599	0.0218774	
117.799	0.0218908	
117.999	0.0221502	
118.199	0.0222207	
118.399	0.0222799	
118.599	0.0223428	
118.799	0.0223962	
118.999	0.0224477	
119.199	0.0225087	
119.399	0.0225583	
119.599	0.0226156	
119.799	0.0226632	
119.999	0.0227166	
120.199	0.02277	
120.399	0.0228235	
120.599	0.0228654	
120.799	0.0229169	
120.999	0.0229646	
121.199	0.0230104	
121.399	0.0230581	
121.599	0.0231038	
121.799	0.0231439	
121.999	0.0231935	
122.199	0.0232393	
122.399	0.0232698	
122.599	0.0233098	
122.799	0.0233613	
122.999	0.0234014	
123.199	0.0234395	
123.399	0.0234929	
123.599	0.0235482	
123.799	0.0235845	
123.999	0.0236017	
124.199	0.0236379	
124.399	0.0236779	
124.599	0.0237085	
124.799	0.0237428	
124.999	0.0237828	
125.199	0.0238	
125.399	0.0238267	
125.599	0.0238611	
125.799	0.0238878	
125.999	0.0239202	
126.199	0.0239526	
126.399	0.0239812	
126.599	0.0240098	
126.799	0.0240403	
126.999	0.0240747	
127.199	0.0240957	
127.399	0.02413	
127.599	0.0241452	
127.799	0.0241987	
127.999	0.024212	
128.199	0.0242425	
128.399	0.0242406	
128.599	0.0242673	
128.799	0.0242902	
128.999	0.0243016	
129.199	0.0243245	
129.399	0.0243474	
129.599	0.024376	
129.799	0.0243741	
129.999	0.0244123	
130.199	0.0244161	
130.399	0.0243818	
130.599	0.0244504	
130.799	0.02446	
130.999	0.0243303	
131.199	0.0243436	
131.399	0.0243646	
131.599	0.0243818	
131.799	0.0243989	
131.999	0.0244008	
132.199	0.0244123	
132.399	0.0244142	
132.599	0.0244256	
132.799	0.0244371	
132.999	0.0244447	
133.199	0.024439	
133.399	0.0244638	
133.599	0.0245038	
133.799	0.0244924	
133.999	0.0245172	
134.199	0.0244943	
134.399	0.0245	
134.599	0.0245115	
134.799	0.0245134	
134.999	0.024521	
135.199	0.0245153	
135.399	0.0245248	
135.599	0.0245191	
135.799	0.0245134	
135.999	0.0245019	
136.199	0.0245019	
136.399	0.0244962	
136.599	0.0244943	
136.799	0.0244809	
136.999	0.0245057	
137.199	0.0244848	
137.399	0.0244809	
137.599	0.0244657	
137.799	0.0244733	
137.999	0.0244676	
138.199	0.02446	
138.399	0.0244638	
138.599	0.0244581	
138.799	0.0244447	
138.999	0.0244447	
139.199	0.0244352	
139.399	0.0244657	
139.599	0.0244066	
139.799	0.0244123	
139.999	0.0244085	
140.199	0.0243951	
140.399	0.0243703	
140.599	0.0243646	
140.799	0.0243493	
140.999	0.0243379	
141.199	0.0243341	
141.399	0.0243245	
141.599	0.0243131	
141.799	0.0242959	
141.999	0.0242749	
142.199	0.0242616	
142.399	0.0242349	
142.599	0.0242196	
142.799	0.024212	
142.999	0.0241967	
143.199	0.0241567	
143.399	0.0242635	
143.599	0.0242559	
143.799	0.0242349	
143.999	0.0242063	
144.199	0.0241987	
144.399	0.0241853	
144.599	0.0241357	
144.799	0.0241033	
144.999	0.0240747	
145.199	0.0240575	
145.399	0.0240461	
145.599	0.0240289	
145.799	0.0239908	
145.999	0.0239545	
146.199	0.0239297	
146.399	0.0238992	
146.599	0.0238897	
146.799	0.0238725	
146.999	0.0238229	
147.199	0.0237848	
147.399	0.0237485	
147.599	0.0237256	
147.799	0.0236932	
147.999	0.0236512	
148.199	0.0236207	
148.399	0.0235845	
148.599	0.0235578	
148.799	0.0235177	
148.999	0.0234758	
149.199	0.0234338	
149.399	0.0234071	
149.599	0.0233632	
149.799	0.0233232	
149.999	0.0232641	
150.199	0.0232297	
150.399	0.0231839	
150.599	0.0231401	
150.799	0.0231057	
150.999	0.0230561	
151.199	0.0229913	
151.399	0.0229493	
151.599	0.0229074	
151.799	0.0228463	
151.999	0.0228158	
152.199	0.0227758	
152.399	0.0227281	
152.599	0.0226938	
152.799	0.0226232	
152.999	0.0225774	
153.199	0.0225183	
153.399	0.0224725	
153.599	0.0224286	
153.799	0.0223714	
153.999	0.0222474	
154.199	0.0222188	
154.399	0.0221502	
154.599	0.0220834	
154.799	0.0220548	
154.999	0.0219632	
155.199	0.0219117	
155.399	0.0218393	
155.599	0.0217725	
155.799	0.0217153	
155.999	0.0216371	
156.199	0.0215646	
156.399	0.021494	
156.599	0.0214235	
156.799	0.0213491	
156.999	0.0212861	
157.199	0.0212117	
157.399	0.021145	
157.599	0.0210725	
157.799	0.0210515	
157.999	0.0210057	
158.199	0.0208989	
158.399	0.0208246	
158.599	0.0207158	
158.799	0.0206243	
158.999	0.0205652	
159.199	0.0204812	
159.399	0.0203878	
159.599	0.0203077	
159.799	0.0202237	
159.999	0.0201532	
160.199	0.0200845	
160.399	0.0199891	
160.599	0.0198957	
160.799	0.0198156	
160.999	0.0197126	
161.199	0.0196096	
161.399	0.019518	
161.599	0.0194227	
161.799	0.0193254	
161.999	0.0192224	
162.199	0.0191842	
162.399	0.018984	
162.599	0.0189306	
162.799	0.018696	
162.999	0.0185853	
163.199	0.0184709	
163.399	0.0183526	
163.599	0.0182382	
163.799	0.0181218	
163.999	0.0179654	
164.199	0.0178739	
164.399	0.0177575	
164.599	0.0176316	
164.799	0.0175363	
164.999	0.0173684	
165.199	0.0172311	
165.399	0.0170976	
165.599	0.0169622	
165.799	0.0168248	
165.999	0.0166723	
166.199	0.0165483	
166.399	0.0164872	
166.599	0.0163327	
166.799	0.016184	
166.999	0.0160295	
167.199	0.0158921	
167.399	0.0157377	
167.599	0.0155793	
167.799	0.0154343	
167.999	0.0152684	
168.199	0.0151024	
168.399	0.014946	
168.599	0.0147572	
168.799	0.0145589	
168.999	0.0143643	
169.199	0.0141774	
169.399	0.0138627	
169.599	0.0136757	
169.799	0.0135594	
169.999	0.0133744	
170.199	0.0131779	
170.399	0.0129834	
170.599	0.0127793	
170.799	0.0125828	
170.999	0.0123883	
171.199	0.0121842	
171.399	0.0119877	
171.599	0.0117684	
171.799	0.0115605	
171.999	0.0113431	
172.199	0.0111256	
172.399	0.0109063	
172.599	0.0106907	
172.799	0.0104638	
172.999	0.0102044	
173.199	0.00994498	
173.398	0.00971419	
173.598	0.00949103	
173.798	0.00926405	
173.998	0.00902945	
174.198	0.00880629	
174.398	0.00857168	
174.598	0.00834471	
174.798	0.00811964	
174.998	0.00789839	
175.198	0.00767711	
175.398	0.00745586	
175.598	0.0072346	
175.798	0.0070267	
175.998	0.0068188	
176.198	0.00661853	
176.398	0.00641254	
176.598	0.00621799	
176.798	0.00603679	
176.998	0.00585559	
177.198	0.00568584	
177.398	0.00552562	
177.598	0.00536731	
177.798	0.00522617	
177.998	0.00508884	
178.198	0.00496867	
178.398	0.00490001	
178.598	0.00480464	
178.798	0.00472453	
178.998	0.00465968	
179.198	0.00459674	
179.398	0.00455478	
179.598	0.00452617	
179.798	0.00451663	
179.998	0.00452998	
180.198	0.00453189	
180.398	0.0045853	
180.598	0.00462916	
180.798	0.00469592	
180.998	0.00477412	
181.198	0.00486758	
181.398	0.00498965	
181.598	0.00510791	
181.798	0.00526431	
181.998	0.00542644	
182.198	0.0055733	
182.398	0.0057278	
182.598	0.00590518	
182.798	0.00610164	
182.998	0.0063	
183.198	0.00653651	
183.398	0.00673297	
183.598	0.0068951	
183.798	0.00711253	
183.998	0.00734141	
184.198	0.00757602	
184.398	0.00781637	
184.598	0.00805289	
184.798	0.00831801	
184.998	0.00859267	
185.198	0.00881582	
185.398	0.00904471	
185.598	0.00928503	
185.798	0.00954825	
185.998	0.0097962	
186.198	0.0100346	
186.398	0.0102597	
186.598	0.0104943	
186.798	0.0107384	
186.998	0.011036	
187.198	0.0112706	
187.398	0.0114976	
187.598	0.0117188	
187.798	0.011942	
187.998	0.0121518	
188.198	0.0123768	
188.398	0.0125962	
188.598	0.0128117	
188.798	0.0130177	