0	0.018612	
1	0.0186292	
2	0.0186425	
3	0.0186559	
4	0.0186712	
5	0.018696	
6	0.0187246	
7	0.018757	
8	0.0187932	
9	0.0188314	
10	0.0188714	
11	0.0189172	
12	0.0189515	
13	0.0190107	
14	0.0190583	
15	0.0191079	
16	0.0191594	
17	0.0192128	
18	0.0192701	
19	0.0193387	
20	0.0193654	
21	0.0193979	
22	0.0194436	
23	0.0194875	
24	0.0195276	
25	0.0195543	
26	0.0196	
27	0.0196344	
28	0.0196649	
29	0.0196916	
30	0.0197145	
31	0.0197316	
32	0.0197507	
33	0.019766	
34	0.0197736	
35	0.0197793	
36	0.0197812	
37	0.0197774	
38	0.0197679	
39	0.0197603	
40	0.0197431	
41	0.0197221	
42	0.0196954	
43	0.0196611	
44	0.0196115	
45	0.019581	
46	0.0195333	
47	0.0194799	
48	0.0194112	
49	0.0193425	
50	0.0192872	
51	0.0192071	
52	0.0191232	
53	0.0190316	
54	0.0189344	
55	0.0188276	
56	0.0187131	
57	0.018591	
58	0.0184652	
59	0.0183316	
60	0.0181867	
61	0.018036	
62	0.0178663	
63	0.0177118	
64	0.0175344	
65	0.0173551	
66	0.0171472	
67	0.0169603	
68	0.0167543	
69	0.0165406	
70	0.0163118	
71	0.016081	
72	0.0158445	
73	0.0156003	
74	0.0153504	
75	0.0150815	
76	0.0148144	
77	0.0145398	
78	0.0142689	
79	0.013979	
80	0.0137044	
81	0.0134354	
82	0.0131741	
83	0.0129223	
84	0.0126763	
85	0.012457	
86	0.0122529	
87	0.012064	
88	0.0119229	
89	0.0118008	
90	0.0117074	
91	0.0116711	
92	0.0116768	
93	0.0116597	
94	0.0116978	
95	0.011776	
96	0.0118962	
97	0.012045	
98	0.0122262	
99	0.0124245	
100	0.0126191	
101	0.012848	
102	0.0130921	
103	0.0133458	
104	0.0136033	
105	0.0138837	
106	0.014145	
107	0.0144044	
108	0.0146618	
109	0.0149117	
110	0.0151654	
111	0.0154038	
112	0.0156347	
113	0.0158559	
114	0.0160562	
115	0.0162603	
116	0.0164624	
117	0.0166608	
118	0.0168401	
119	0.0170156	
120	0.0171834	
121	0.0173551	
122	0.0175153	
123	0.0176545	
124	0.0177919	
125	0.0179178	
126	0.0180379	
127	0.0181543	
128	0.0182592	
129	0.0183736	
130	0.018509	
131	0.0185891	
132	0.0186254	
133	0.0186864	
134	0.0187589	
135	0.0188199	
136	0.0188771	
137	0.0189286	
138	0.0189821	
139	0.0190278	
140	0.0190641	
141	0.0190946	
142	0.0191175	
143	0.0191385	
144	0.0191556	
145	0.0191671	
146	0.0191728	
147	0.0191766	
148	0.0191747	
149	0.019169	
150	0.0191575	
151	0.0191442	
152	0.0191385	
153	0.0191308	
154	0.0191098	
155	0.0190889	
156	0.0190641	
157	0.0190336	
158	0.0190088	
159	0.018984	
160	0.0189573	
161	0.0189306	
162	0.0189019	
163	0.0188752	
164	0.0188466	
165	0.0188237	
166	0.0187989	
167	0.0187761	
168	0.0187551	
169	0.0187341	
170	0.0187093	
171	0.0186864	
172	0.018675	
173	0.0186616	
174	0.018654	
175	0.0186464	
176	0.0186425	
177	0.0186559	
178	0.0186559	
179	0.0186597	
180	0.0186673	
181	0.0186769	
182	0.0186921	
183	0.0187074	
184	0.0187246	
185	0.0187474	
186	0.0187722	
187	0.0187989	
188	0.0188276	
189	0.0188619	
190	0.0188981	
191	0.0189267	
192	0.0189763	
193	0.0190259	
194	0.0190679	
195	0.0191137	
196	0.0191575	
197	0.019209	
198	0.0192624	
199	0.019312	
200	0.0193616	
201	0.0194093	
202	0.0194646	
203	0.0195123	
204	0.0195619	
205	0.0196172	
206	0.0196935	
207	0.0197393	
208	0.0198041	
209	0.0197812	
210	0.0197946	
211	0.0198117	
212	0.0198289	
213	0.019848	
214	0.0198575	
215	0.0198632	
216	0.0198652	
217	0.0198652	
218	0.0198575	
219	0.0198461	
220	0.0198327	
221	0.0198137	
222	0.0197889	
223	0.0197717	
224	0.0197355	
225	0.0196878	
226	0.019642	
227	0.0195867	
228	0.0195142	
229	0.0194417	
230	0.0193635	
231	0.0192853	
232	0.0191976	
233	0.0191098	
234	0.0190107	
235	0.0189039	
236	0.0188009	
237	0.0186864	
238	0.0186006	
239	0.0184327	
240	0.0182821	
241	0.0181257	
242	0.0179654	
243	0.0178033	
244	0.0177232	
245	0.0175077	
246	0.0173093	
247	0.0170976	
248	0.0169126	
249	0.0167028	
250	0.0164911	
251	0.0162412	
252	0.016018	
253	0.01573	
254	0.0154763	
255	0.0152188	
256	0.0149613	
257	0.0147019	
258	0.0144539	
259	0.0142155	
260	0.0139466	
261	0.0136815	
262	0.0134144	
263	0.0131531	
264	0.0129204	
265	0.0126858	
266	0.0124817	
267	0.0123044	
268	0.0121441	
269	0.0120106	
270	0.0119362	
271	0.0118733	
272	0.0118962	
273	0.0119153	
274	0.0119286	
275	0.0120125	
276	0.0121518	
277	0.0123501	
278	0.0124894	
279	0.012661	
280	0.0128708	
281	0.0131035	
282	0.0133305	
283	0.013567	
284	0.0138608	
285	0.0141068	
286	0.0142613	
287	0.0144158	
288	0.0146428	
289	0.0149594	
290	0.0152016	
291	0.0154343	
292	0.0156461	
293	0.0158445	
294	0.0160657	
295	0.0162812	
296	0.0164682	
297	0.0167161	
298	0.0169526	
299	0.0171338	
300	0.0172979	
301	0.0175115	
302	0.0176526	
303	0.0177766	
304	0.0178663	
305	0.0179921	
306	0.0180761	
307	0.0182382	
308	0.0183889	
309	0.0184633	
310	0.0185224	
311	0.0186139	
312	0.0186998	
313	0.0187837	
314	0.0188905	
315	0.0189191	
316	0.0189744	
317	0.0190297	
318	0.0190793	
319	0.0191213	
320	0.0191575	
321	0.019188	
322	0.0192147	
323	0.0192357	
324	0.0192491	
325	0.0192643	
326	0.0192853	
327	0.0193635	
328	0.0193959	
329	0.0193959	
330	0.0193883	
331	0.0193712	
332	0.0193425	
333	0.0193216	
334	0.0193082	
335	0.0192987	
336	0.0192777	
337	0.019272	
338	0.01923	
339	0.0191957	
340	0.0191194	
341	0.0191175	
342	0.0190927	
343	0.0190679	
344	0.0190622	
345	0.019024	
346	0.0189916	
347	0.0189706	
348	0.0189515	
349	0.0189229	
350	0.0188962	
351	0.0188771	
352	0.0188543	
353	0.0188276	
354	0.0188104	
355	0.0188199	
356	0.0188066	
357	0.0188066	
358	0.0188009	
359	0.0188066	
360	0.0188085	