0	0.0210401	
1	0.0210096	
2	0.0210172	
3	0.0210229	
4	0.0210325	
5	0.0210382	
6	0.0210458	
7	0.0210496	
8	0.0210477	
9	0.0210572	
10	0.0210572	
11	0.0210572	
12	0.0210592	
13	0.0210553	
14	0.0210477	
15	0.0210458	
16	0.0210382	
17	0.0210305	
18	0.0210191	
19	0.0210057	
20	0.0209924	
21	0.0209752	
22	0.0209543	
23	0.0209333	
24	0.0209142	
25	0.0208875	
26	0.0208589	
27	0.0208303	
28	0.0207998	
29	0.0207673	
30	0.0207273	
31	0.0206834	
32	0.0206376	
33	0.0205899	
34	0.0205365	
35	0.0204793	
36	0.0204259	
37	0.020363	
38	0.0202962	
39	0.0202256	
40	0.0201513	
41	0.0200692	
42	0.0199872	
43	0.0198976	
44	0.0198003	
45	0.0197011	
46	0.0195943	
47	0.0194818	
48	0.0193673	
49	0.0192415	
50	0.0191098	
51	0.0189687	
52	0.0188199	
53	0.0186654	
54	0.0185014	
55	0.0183259	
56	0.0181428	
57	0.0179445	
58	0.0177423	
59	0.0175267	
60	0.0172979	
61	0.0170594	
62	0.0168058	
63	0.0165368	
64	0.0162545	
65	0.0159532	
66	0.0156347	
67	0.0152989	
68	0.0149441	
69	0.0145646	
70	0.014164	
71	0.0137444	
72	0.0133019	
73	0.0128327	
74	0.0123444	
75	0.0118371	
76	0.0113106	
77	0.0107709	
78	0.0102254	
79	0.00965697	
80	0.00906378	
81	0.00845915	
82	0.00786024	
83	0.00729945	
84	0.00672343	
85	0.00620273	
86	0.00574687	
87	0.00535777	
88	0.00506213	
89	0.00485805	
90	0.00476459	
91	0.00478557	
92	0.00496486	
93	0.00525287	
94	0.00552943	
95	0.00594142	
96	0.0064297	
97	0.00696757	
98	0.00752452	
99	0.00810438	
100	0.00870138	
101	0.00938803	
102	0.0098725	
103	0.0104409	
104	0.0110036	
105	0.0115529	
106	0.0120717	
107	0.0125638	
108	0.0130349	
109	0.0134831	
110	0.0139123	
111	0.0143147	
112	0.0146943	
113	0.0150567	
114	0.0153962	
115	0.0157167	
116	0.0160161	
117	0.016306	
118	0.016596	
119	0.0168744	
120	0.0171663	
121	0.0173608	
122	0.017584	
123	0.01779	
124	0.0179826	
125	0.0181772	
126	0.0183545	
127	0.0185224	
128	0.0186692	
129	0.0188276	
130	0.0189706	
131	0.019106	
132	0.0192243	
133	0.0193425	
134	0.0194513	
135	0.0195638	
136	0.0196611	
137	0.019766	
138	0.0198499	
139	0.0199414	
140	0.0200216	
141	0.0200959	
142	0.0201665	
143	0.0202352	
144	0.0202943	
145	0.0203515	
146	0.020403	
147	0.0204507	
148	0.0204927	
149	0.0205384	
150	0.0205804	
151	0.0206186	
152	0.0206491	
153	0.0206834	
154	0.0207139	
155	0.0207425	
156	0.0207692	
157	0.0207883	
158	0.0208074	
159	0.0208265	
160	0.0208455	
161	0.0208646	
162	0.020878	
163	0.0208894	
164	0.0209008	
165	0.0209104	
166	0.0209218	
167	0.0209295	
168	0.0209371	
169	0.0209466	
170	0.0209523	
171	0.0209638	
172	0.0209619	
173	0.0209771	
174	0.0210096	
175	0.0209848	
176	0.0209867	
177	0.0210363	
178	0.0210458	
179	0.0210382	
180	0.0210401	
181	0.0210363	
182	0.0210458	
183	0.0209657	
184	0.0209504	
185	0.0209371	
186	0.0209371	
187	0.0209314	
188	0.0209256	
189	0.020918	
190	0.0209142	
191	0.0209066	
192	0.0208989	
193	0.0208913	
194	0.0208837	
195	0.0208722	
196	0.0208627	
197	0.0208493	
198	0.0208398	
199	0.0208226	
200	0.0208017	
201	0.0207788	
202	0.0207597	
203	0.0207368	
204	0.0207101	
205	0.0206815	
206	0.0206529	
207	0.0206167	
208	0.0205766	
209	0.0205384	
210	0.0204984	
211	0.0204583	
212	0.0204278	
213	0.0203878	
214	0.0203668	
215	0.020279	
216	0.0202142	
217	0.0201474	
218	0.0200845	
219	0.0200082	
220	0.01993	
221	0.0198461	
222	0.0197583	
223	0.0196744	
224	0.019581	
225	0.0194722	
226	0.0193616	
227	0.0192434	
228	0.0191194	
229	0.0189859	
230	0.0188485	
231	0.0187017	
232	0.0185453	
233	0.0183812	
234	0.0182096	
235	0.0180303	
236	0.0178472	
237	0.0176507	
238	0.0174409	
239	0.0172254	
240	0.0169927	
241	0.0167581	
242	0.0165044	
243	0.0162374	
244	0.015957	
245	0.0156595	
246	0.0153447	
247	0.0150147	
248	0.0146618	
249	0.0142861	
250	0.0138932	
251	0.0134831	
252	0.0130501	
253	0.0125867	
254	0.0121079	
255	0.0116044	
256	0.0110856	
257	0.0105477	
258	0.00999266	
259	0.00942618	
260	0.00885016	
261	0.00828177	
262	0.00772479	
263	0.0071812	
264	0.00666431	
265	0.00618747	
266	0.00576404	
267	0.00541309	
268	0.00515369	
269	0.00498584	
270	0.00491908	
271	0.00496295	
272	0.00511172	
273	0.00535396	
274	0.00568011	
275	0.00608066	
276	0.00654796	
277	0.00704959	
278	0.00758174	
279	0.0081349	
280	0.00870138	
281	0.00927359	
282	0.00984389	
283	0.0104066	
284	0.0109463	
285	0.0114804	
286	0.0119858	
287	0.0124665	
288	0.0129338	
289	0.0133782	
290	0.0138016	
291	0.0141984	
292	0.014576	
293	0.0149346	
294	0.0152798	
295	0.0155945	
296	0.015896	
297	0.0161821	
298	0.016451	
299	0.0167085	
300	0.0169526	
301	0.0171796	
302	0.0174009	
303	0.0176069	
304	0.0178109	
305	0.0179921	
306	0.0181676	
307	0.0183412	
308	0.0185014	
309	0.0186521	
310	0.0187932	
311	0.0189286	
312	0.0190622	
313	0.0191842	
314	0.0192987	
315	0.0194093	
316	0.0195142	
317	0.0196153	
318	0.0197126	
319	0.0198041	
320	0.0198861	
321	0.0199643	
322	0.0200444	
323	0.0201169	
324	0.0201837	
325	0.0202466	
326	0.0203058	
327	0.0203592	
328	0.0204126	
329	0.0204583	
330	0.0205041	
331	0.0205442	
332	0.0205842	
333	0.0206243	
334	0.0206548	
335	0.0206891	
336	0.0207177	
337	0.0207425	
338	0.0207711	
339	0.020794	
340	0.0208112	
341	0.0208322	
342	0.0208474	
343	0.0208665	
344	0.0208875	
345	0.0209008	
346	0.0209142	
347	0.0209218	
348	0.0209333	
349	0.0209447	
350	0.0209543	
351	0.0209619	
352	0.0209695	
353	0.020981	
354	0.0209867	
355	0.0209905	
356	0.0209943	
357	0.0209962	
358	0.0210038	
359	0.0210057	
360	0.0210096	