0	0.018448	
1	0.0184804	
2	0.0184823	
3	0.0184442	
4	0.018448	
5	0.0184747	
6	0.0184938	
7	0.0185262	
8	0.0185758	
9	0.0186177	
10	0.0186692	
11	0.0187207	
12	0.0187761	
13	0.0188276	
14	0.0188771	
15	0.0189267	
16	0.0189763	
17	0.019024	
18	0.0190679	
19	0.0191137	
20	0.0191594	
21	0.0192014	
22	0.0192453	
23	0.0192834	
24	0.0193197	
25	0.0193559	
26	0.0193845	
27	0.0194131	
28	0.019436	
29	0.0194513	
30	0.0194665	
31	0.0194818	
32	0.0195066	
33	0.0194837	
34	0.0194799	
35	0.0194761	
36	0.0194665	
37	0.0194608	
38	0.0194494	
39	0.0194207	
40	0.0194093	
41	0.0193845	
42	0.0193502	
43	0.019312	
44	0.0192682	
45	0.0192186	
46	0.0191575	
47	0.0191022	
48	0.0190355	
49	0.0189592	
50	0.018881	
51	0.0187875	
52	0.0186902	
53	0.0185815	
54	0.0184728	
55	0.0183622	
56	0.0182248	
57	0.0181009	
58	0.0179654	
59	0.0178167	
60	0.0176755	
61	0.0175191	
62	0.0173494	
63	0.017172	
64	0.0169832	
65	0.0167867	
66	0.0165826	
67	0.0163671	
68	0.0161382	
69	0.0159017	
70	0.0156633	
71	0.0154153	
72	0.0151482	
73	0.0148755	
74	0.0145989	
75	0.0143185	
76	0.0140401	
77	0.0137559	
78	0.013464	
79	0.013176	
80	0.0128918	
81	0.0126153	
82	0.0123444	
83	0.0120869	
84	0.0118428	
85	0.0116253	
86	0.0114289	
87	0.011261	
88	0.011118	
89	0.0110112	
90	0.0109444	
91	0.0109139	
92	0.0109311	
93	0.0109788	
94	0.0110684	
95	0.0111924	
96	0.0113469	
97	0.0115338	
98	0.0117455	
99	0.0119706	
100	0.0122128	
101	0.0124722	
102	0.0127354	
103	0.0130082	
104	0.0132847	
105	0.0135594	
106	0.0138379	
107	0.0141144	
108	0.0143834	
109	0.0146523	
110	0.0149079	
111	0.0151539	
112	0.0153905	
113	0.0156136	
114	0.015833	
115	0.0160409	
116	0.0162355	
117	0.0164281	
118	0.0166074	
119	0.0167753	
120	0.0169355	
121	0.0170861	
122	0.0172273	
123	0.0173551	
124	0.0174848	
125	0.0176069	
126	0.0177366	
127	0.0178624	
128	0.0179693	
129	0.0180761	
130	0.0181943	
131	0.0182916	
132	0.0183831	
133	0.0184613	
134	0.0185338	
135	0.0186044	
136	0.0186673	
137	0.0187207	
138	0.0187742	
139	0.0188237	
140	0.0188581	
141	0.0188752	
142	0.0189	
143	0.018921	
144	0.0189363	
145	0.0189649	
146	0.0189706	
147	0.0189763	
148	0.0189782	
149	0.0189668	
150	0.0189611	
151	0.0189592	
152	0.0189401	
153	0.0189115	
154	0.0188733	
155	0.0188543	
156	0.0188295	
157	0.0187989	
158	0.0187646	
159	0.0187455	
160	0.0187093	
161	0.0186826	
162	0.0186578	
163	0.0186368	
164	0.0186158	
165	0.0185987	
166	0.018572	
167	0.0185472	
168	0.0185262	
169	0.0185052	
170	0.0184861	
171	0.0184709	
172	0.0184594	
173	0.0184556	
174	0.0184442	
175	0.0184442	
176	0.0184442	
177	0.0184499	
178	0.0184423	
179	0.0185205	
180	0.0184919	
181	0.0184976	
182	0.0185128	
183	0.01853	
184	0.0185453	
185	0.0185682	
186	0.018593	
187	0.0186368	
188	0.0186559	
189	0.018696	
190	0.0187303	
191	0.0187665	
192	0.0188028	
193	0.018839	
194	0.0188714	
195	0.0189096	
196	0.0189573	
197	0.0189935	
198	0.0190336	
199	0.0190755	
200	0.0191194	
201	0.0191556	
202	0.0191976	
203	0.0192395	
204	0.0192758	
205	0.0193063	
206	0.0193425	
207	0.0193864	
208	0.019415	
209	0.0194227	
210	0.0194379	
211	0.0194207	
212	0.0194188	
213	0.0194207	
214	0.0194093	
215	0.0193959	
216	0.0193864	
217	0.0193673	