0	0.0174733	
2	0.0174943	
4	0.0175287	
6	0.0175859	
8	0.0176774	
10	0.0178014	
12	0.0179502	
14	0.0180951	
16	0.0182287	
18	0.0183583	
20	0.01849	
22	0.0186216	
24	0.0187398	
26	0.0188447	
28	0.0189363	
30	0.0189878	
32	0.0190355	
34	0.0190698	
36	0.0191003	
38	0.0191098	
40	0.0191041	
42	0.0190679	
44	0.0190183	
46	0.0189363	
48	0.0188314	
50	0.018696	
52	0.0185357	
54	0.0183526	
56	0.0181409	
58	0.0179082	
60	0.0176431	
62	0.0173494	
64	0.0170213	
66	0.0166646	
68	0.0162793	
70	0.0158635	
72	0.0154248	
74	0.0149727	
76	0.0145093	
78	0.0140477	
80	0.013609	
82	0.0132008	
84	0.0128403	
86	0.0125504	
88	0.0123463	
90	0.012251	
92	0.01227	
94	0.0124074	
96	0.0126382	
98	0.0129529	
100	0.0133267	
102	0.0137387	
104	0.0141736	
106	0.0146161	
108	0.0150567	
110	0.0154877	
112	0.0158864	
114	0.0162584	
116	0.0165998	
118	0.0169011	
120	0.0171758	
122	0.0174218	
124	0.0176355	
126	0.0178396	
128	0.018036	
130	0.0182134	
132	0.0183526	
134	0.018469	
136	0.0185415	
138	0.0185987	
140	0.0186292	
142	0.0186464	
144	0.018654	
146	0.0186406	
148	0.0186025	
150	0.0185453	
152	0.018469	
154	0.0183793	
156	0.018284	
158	0.0181829	
160	0.0180856	
162	0.0179826	
164	0.0178815	
166	0.0177861	
168	0.0177041	
170	0.0176278	
172	0.0175763	
174	0.0175363	
176	0.017521	
178	0.0175191	
180	0.0175382	