0	0.0162336	
1	0.0162174	
2	0.0162202	
3	0.016225	
4	0.016225	
5	0.0162383	
6	0.0162545	
7	0.0163032	
8	0.0163299	
9	0.0163327	
10	0.0163633	
11	0.0164024	
12	0.0164405	
13	0.0164815	
14	0.0165273	
15	0.0165721	
16	0.0166208	
17	0.0166723	
18	0.0167228	
19	0.0167714	
20	0.0168248	
21	0.0168782	
22	0.0169288	
23	0.0169784	
24	0.0170337	
25	0.0170947	
26	0.0171329	
27	0.0171586	
28	0.0172044	
29	0.0172454	
30	0.0172836	
31	0.0173208	
32	0.0173522	
33	0.0173818	
34	0.0174085	
35	0.0174304	
36	0.0174476	
37	0.0174609	
38	0.0174705	
39	0.0174752	
40	0.0174714	
41	0.0174628	
42	0.0174476	
43	0.0174276	
44	0.0174047	
45	0.0173751	
46	0.0173389	
47	0.0172969	
48	0.0172454	
49	0.017193	
50	0.0171291	
51	0.0170575	
52	0.0169832	
53	0.0169011	
54	0.0168096	
55	0.0167133	
56	0.0166084	
57	0.016493	
58	0.0163728	
59	0.0162412	
60	0.0161058	
61	0.0159589	
62	0.0158044	
63	0.0156442	
64	0.0154572	
65	0.0152751	
66	0.0150881	
67	0.0148955	
68	0.0146962	
69	0.0144873	
70	0.0142699	
71	0.0140458	
72	0.0138121	
73	0.0135728	
74	0.0133238	
75	0.0130664	
76	0.012807	
77	0.0125456	
78	0.0122805	
79	0.0120135	
80	0.0117465	
81	0.0114804	
82	0.0112162	
83	0.0109587	
84	0.0107098	
85	0.0104752	
86	0.010254	
87	0.010048	
88	0.00986201	
89	0.00969607	
90	0.00955302	
91	0.00943857	
92	0.0093556	
93	0.00930411	
94	0.00928408	
95	0.00929648	
96	0.0093413	
97	0.0094195	
98	0.00952536	
99	0.00965887	
100	0.00981909	
101	0.0100031	
102	0.0102044	
103	0.0104209	
104	0.0106497	
105	0.010892	
106	0.0111437	
107	0.0114031	
108	0.0116654	
109	0.0119277	
110	0.0121937	
111	0.012455	
112	0.0127144	
113	0.0129643	
114	0.0132113	
115	0.0134555	
116	0.0136939	
117	0.0139247	
118	0.014143	
119	0.0143548	
120	0.0145598	
121	0.0147563	
122	0.0149394	
123	0.0151177	
124	0.0152836	
125	0.0154448	
126	0.0156003	
127	0.0157453	
128	0.0158817	
129	0.0160133	
130	0.0161344	
131	0.0162488	
132	0.0163528	
133	0.0164481	
134	0.0165359	
135	0.016615	
136	0.0166856	
137	0.0167514	
138	0.0168096	
139	0.0168649	
140	0.0169116	
141	0.0169526	
142	0.016987	
143	0.0170137	
144	0.0170327	
145	0.017047	
146	0.0170594	
147	0.0170661	
148	0.0170709	
149	0.0170652	
150	0.0170642	
151	0.0170556	
152	0.0170366	
153	0.0170213	
154	0.017006	
155	0.0169822	
156	0.0169383	
157	0.0169088	
158	0.0168868	
159	0.0169069	
160	0.0168153	
161	0.0167619	
162	0.0167209	
163	0.0166789	
164	0.0166341	
165	0.0165883	
166	0.0165426	
167	0.0164996	
168	0.0164558	
169	0.0164157	
170	0.0163728	
171	0.0163318	
172	0.0162908	
173	0.0162536	
174	0.0162193	
175	0.0161878	
176	0.0161563	
177	0.0161296	
178	0.0161067	
179	0.0160848	
180	0.0160695	
181	0.016059	
182	0.0160562	
183	0.0160552	
184	0.0160609	
185	0.0160724	
186	0.0160848	
187	0.0161029	
188	0.0161258	
189	0.0161525	
190	0.016184	
191	0.0162164	
192	0.0162555	
193	0.0162946	
194	0.0163385	
195	0.0163814	
196	0.0164262	
197	0.0164739	
198	0.0165225	
199	0.0165712	
200	0.0166208	
201	0.0166713	
202	0.0167228	
203	0.0167724	
204	0.0168248	
205	0.0168744	
206	0.016924	
207	0.0169688	
208	0.0170127	
209	0.0170547	
210	0.0170909	
211	0.0171252	
212	0.0171558	
213	0.0171853	
214	0.017212	
215	0.0172321	
216	0.0172483	
217	0.0172588	
218	0.0172664	
219	0.0172683	
220	0.0172673	
221	0.0172588	
222	0.0172454	
223	0.0172254	
224	0.0172015	
225	0.0171701	
226	0.0171367	
227	0.0170947	
228	0.017049	
229	0.0169946	
230	0.0169355	
231	0.0168716	
232	0.0167991	
233	0.0167209	
234	0.0166379	
235	0.0165435	
236	0.0164415	
237	0.0163356	
238	0.0162231	
239	0.0161039	
240	0.015977	
241	0.0158397	
242	0.0156928	
243	0.0155411	
244	0.0153828	
245	0.0152169	
246	0.0150424	
247	0.0148583	
248	0.0146676	
249	0.0144683	
250	0.0142623	
251	0.0140439	
252	0.0138207	
253	0.013589	
254	0.0133467	
255	0.0130997	
256	0.012847	
257	0.0125905	
258	0.0123282	
259	0.0120621	
260	0.0117961	
261	0.0115319	
262	0.0112754	
263	0.0110198	
264	0.0107718	
265	0.0105372	
266	0.010314	
267	0.0101128	
268	0.0099259	
269	0.00976187	
270	0.00961977	
271	0.00950533	
272	0.00942332	
273	0.00937182	
274	0.00935274	
275	0.0093661	
276	0.0094071	
277	0.00947863	
278	0.00958258	
279	0.00971419	
280	0.00986868	
281	0.0100461	
282	0.0102435	
283	0.0104561	
284	0.0106764	
285	0.0109149	
286	0.0111619	
287	0.0114165	
288	0.011674	
289	0.0119305	
290	0.0121899	
291	0.0124446	
292	0.0126963	
293	0.0129433	
294	0.0131875	
295	0.013424	
296	0.0136519	
297	0.0138751	
298	0.0140887	
299	0.0142966	
300	0.014493	
301	0.01468	
302	0.0148583	
303	0.015029	
304	0.0151959	
305	0.0153523	
306	0.015502	
307	0.0156423	
308	0.0157787	
309	0.0159074	
310	0.0160266	
311	0.0161391	
312	0.016245	
313	0.0163471	
314	0.0164396	
315	0.0165235	
316	0.0166007	
317	0.0166703	
318	0.0167361	
319	0.0167953	
320	0.0168496	
321	0.0168954	
322	0.0169374	
323	0.0169708	
324	0.0170022	
325	0.0170308	
326	0.0170528	
327	0.017068	
328	0.0170804	
329	0.0170861	
330	0.0170861	
331	0.0170823	
332	0.0170747	
333	0.0170623	
334	0.0170451	
335	0.017028	
336	0.0170041	
337	0.0169774	
338	0.0169469	
339	0.0169145	
340	0.0168802	
341	0.016842	
342	0.016802	
343	0.0167609	
344	0.016719	
345	0.0166742	
346	0.0166303	
347	0.0165883	
348	0.0165893	
349	0.0165378	
350	0.0164653	
351	0.0164214	
352	0.0163795	
353	0.0163432	
354	0.0163108	
355	0.0162812	
356	0.0162526	
357	0.0162297	
358	0.0162097	
359	0.0161926	
360	0.0161811	