0	0.0263139	
1	0.0261155	
2	0.0259191	
3	0.025879	
4	0.0258733	
5	0.0258657	
6	0.0258065	
7	0.0257989	
8	0.0258104	
9	0.025797	
10	0.0257932	
11	0.0257951	
12	0.0257894	
13	0.0257722	
14	0.0257474	
15	0.0257055	
16	0.025654	
17	0.0256177	
18	0.0256006	
19	0.0255681	
20	0.0255281	
21	0.0254861	
22	0.0254537	
23	0.0254194	
24	0.0253698	
25	0.025324	
26	0.0252839	
27	0.0252591	
28	0.0251867	
29	0.0251199	
30	0.0250531	
31	0.0249883	
32	0.0249254	
33	0.0248357	
34	0.0247632	
35	0.0246831	
36	0.0245839	
37	0.0245038	
38	0.0244218	
39	0.0243112	
40	0.024212	
41	0.0240937	
42	0.0239679	
43	0.0238496	
44	0.0237008	
45	0.0235749	
46	0.0234224	
47	0.0232564	
48	0.0230829	
49	0.0229169	
50	0.0227433	
51	0.0225106	
52	0.0223485	
53	0.022051	
54	0.0218202	
55	0.0215856	
56	0.0213758	
57	0.021103	
58	0.0208493	
59	0.0206758	
60	0.0203439	
61	0.0200158	
62	0.0197335	
63	0.0193654	
64	0.018881	
65	0.0185167	
66	0.0180684	
67	0.0176584	
68	0.017151	
69	0.0166589	
70	0.0161763	
71	0.0156633	
72	0.015152	
73	0.0145989	
74	0.0140839	
75	0.0135022	
76	0.0128899	
77	0.0123006	
78	0.0116921	
79	0.0110779	
80	0.0104561	
81	0.00982291	
82	0.00918967	
83	0.00855452	
84	0.00793844	
85	0.00732043	
86	0.00675395	
87	0.00622562	
88	0.00575641	
89	0.0053387	
90	0.00500301	
91	0.00475505	
92	0.00458911	
93	0.00450709	
94	0.00452045	
95	0.00463298	
96	0.00483897	
97	0.0051327	
98	0.00550082	
99	0.00594524	
100	0.0064564	
101	0.00703052	
102	0.00764468	
103	0.00825506	
104	0.00890356	
105	0.0095616	
106	0.0102063	
107	0.0108853	
108	0.0115166	
109	0.0121499	
110	0.0127698	
111	0.0133706	
112	0.0139523	
113	0.0145093	
114	0.015049	
115	0.0155926	
116	0.016142	
117	0.0166417	
118	0.0173494	
119	0.0177804	
120	0.0180818	
121	0.0184556	
122	0.0188543	
123	0.0192682	
124	0.0199567	
125	0.0200959	
126	0.0204374	
127	0.0207731	
128	0.0211679	
129	0.0216638	
130	0.0217172	
131	0.0220357	
132	0.0223027	
133	0.0225583	
134	0.0228177	
135	0.0230218	
136	0.0233041	
137	0.0234758	
138	0.0237771	
139	0.0239507	
140	0.0240785	
141	0.0242406	
142	0.0244104	
143	0.0245363	
144	0.0247175	
145	0.0248395	
146	0.024954	
147	0.0250608	
148	0.0251676	
149	0.0252229	
150	0.0252973	
151	0.0253907	
152	0.0254689	
153	0.025509	
154	0.0255738	
155	0.0256215	
156	0.0256597	
157	0.0257322	
158	0.0257684	
159	0.0258161	
160	0.0258542	
161	0.0257894	
162	0.0257856	
163	0.0258161	
164	0.025839	
165	0.0258447	
166	0.025839	
167	0.0258371	
168	0.0258371	
169	0.0258275	
170	0.0258085	
171	0.0258199	
172	0.0259935	
173	0.0262243	
174	0.0258313	
175	0.0257798	
176	0.0257474	
177	0.0257169	
178	0.0257188	
179	0.025694	
180	0.0256807	
181	0.0256711	
182	0.0256711	
183	0.0256444	
184	0.0256273	
185	0.025612	
186	0.0255891	
187	0.0255662	
188	0.0255529	
189	0.0255338	
190	0.0255147	
191	0.0254956	
192	0.0254956	
193	0.0254899	
194	0.0254709	
195	0.0254174	
196	0.0253812	
197	0.025345	
198	0.0253526	
199	0.0253106	
200	0.025261	
201	0.0252687	
202	0.0252	
203	0.0251714	
204	0.0251352	
205	0.0250722	
206	0.0250245	
207	0.024973	
208	0.0249196	
209	0.0248662	
210	0.0248109	
211	0.0247518	
212	0.024664	
213	0.024603	
214	0.0245305	
215	0.024439	
216	0.0243531	
217	0.0242482	
218	0.0241491	
219	0.0240442	
220	0.0239335	
221	0.0238286	
222	0.0237352	
223	0.0236112	
224	0.0234529	
225	0.0233155	
226	0.0231649	
227	0.0230142	
228	0.0228425	
229	0.0226709	
230	0.0224992	
231	0.0223027	
232	0.0220872	
233	0.021866	
234	0.0216409	
235	0.0213891	
236	0.0210916	
237	0.0208589	
238	0.0205594	
239	0.0202867	
240	0.0199662	
241	0.0196458	
242	0.0192949	
243	0.0189344	
244	0.0185605	
245	0.0181695	
246	0.0177728	
247	0.0173627	
248	0.0169355	
249	0.0164815	
250	0.0160142	
251	0.0155202	
252	0.0150376	
253	0.0145112	
254	0.0139847	
255	0.0134163	
256	0.0128441	
257	0.0122872	
258	0.0116864	
259	0.0110932	
260	0.0104809	
261	0.00988013	
262	0.00926787	
263	0.00853354	
264	0.00793463	
265	0.00736621	
266	0.00683025	
267	0.00632861	
268	0.00585178	
269	0.00546268	
270	0.00513461	
271	0.00488475	
272	0.00472644	
273	0.00465396	
274	0.00468257	
275	0.00479892	
276	0.00501254	
277	0.005312	
278	0.0056763	
279	0.00610927	
280	0.00658992	
281	0.00712779	
282	0.00769809	
283	0.00829893	
284	0.0089131	
285	0.00955015	
286	0.0101948	
287	0.0108414	
288	0.0114804	
289	0.0121079	
290	0.0127335	
291	0.0133286	
292	0.0139142	
293	0.0144807	
294	0.0150204	
295	0.0155545	
296	0.0160619	
297	0.0165578	
298	0.0170175	
299	0.0174791	
300	0.0179178	
301	0.0183507	
302	0.0187494	
303	0.0191404	
304	0.0195237	
305	0.0198804	
306	0.0202085	
307	0.0205346	
308	0.0208417	
309	0.0211431	
310	0.0214082	
311	0.02166	
312	0.0219117	
313	0.0221483	
314	0.0223733	
315	0.0225946	
316	0.022812	
317	0.0230218	
318	0.0232316	
319	0.0234319	
320	0.0236074	
321	0.0237676	
322	0.0239278	
323	0.0240766	
324	0.0242254	
325	0.0243589	
326	0.0244924	
327	0.0246335	
328	0.0247384	
329	0.0248185	
330	0.0249101	
331	0.0249883	
332	0.025076	
333	0.0251542	
334	0.0252382	
335	0.0252858	
336	0.0253698	
337	0.0253965	
338	0.0254422	
339	0.0254899	
340	0.0254689	
341	0.0254899	
342	0.025509	
343	0.0255262	
344	0.0255376	
345	0.0255433	
346	0.0255491	
347	0.0255605	
348	0.0255643	
349	0.0255586	
350	0.0255624	
351	0.0255491	
352	0.0255414	
353	0.0255166	
354	0.0254823	
355	0.0254499	
356	0.0254651	
357	0.0254575	
358	0.0254441	
359	0.0254613	
360	0.025509	