0	0.0297872	
1	0.0298177	
2	0.0298368	
3	0.029873	
4	0.0298616	
5	0.0298291	
6	0.0297891	
7	0.0297738	
8	0.0297357	
9	0.0297204	
10	0.029688	
11	0.0296556	
12	0.0296022	
13	0.0295488	
14	0.0294839	
15	0.0294324	
16	0.0293657	
17	0.0292932	
18	0.0292169	
19	0.0291005	
20	0.0290223	
21	0.0289422	
22	0.0288411	
23	0.028742	
24	0.028639	
25	0.0285341	
26	0.0284101	
27	0.0282823	
28	0.028145	
29	0.028	
30	0.0278589	
31	0.0277177	
32	0.0275518	
33	0.0273839	
34	0.0272046	
35	0.0270177	
36	0.0268327	
37	0.0266324	
38	0.0264302	
39	0.0262052	
40	0.0259687	
41	0.025715	
42	0.0254918	
43	0.0251886	
44	0.0249215	
45	0.0246507	
46	0.0243608	
47	0.0240804	
48	0.0237924	
49	0.0234891	
50	0.0231744	
51	0.0228463	
52	0.0225126	
53	0.0221559	
54	0.0217935	
55	0.0214311	
56	0.0210534	
57	0.0206548	
58	0.0202428	
59	0.0198308	
60	0.0193979	
61	0.0189325	
62	0.0184842	
63	0.0180532	
64	0.0175611	
65	0.017048	
66	0.0165445	
67	0.0160047	
68	0.0154191	
69	0.0148259	
70	0.0142041	
71	0.0135537	
72	0.0128976	
73	0.0122109	
74	0.0115243	
75	0.0107899	
76	0.0100594	
77	0.00929648	
78	0.008524	
79	0.00773242	
80	0.00693706	
81	0.00613025	
82	0.00532725	
83	0.00454143	
84	0.00378038	
85	0.00303842	
86	0.00236322	
87	0.00175477	
88	0.00120736	
89	0.000751499	
90	0.000400545	
91	0.000177384	
92	7.82018E-5	
93	0.000116349	
94	0.000282289	
95	0.000574116	
96	0.000980385	
97	0.00148392	
98	0.00208093	
99	0.0027466	
100	0.00345232	
101	0.00420192	
102	0.00498775	
103	0.00579646	
104	0.00660518	
105	0.00742534	
106	0.0082379	
107	0.00903517	
108	0.00980383	
109	0.010561	
110	0.0112916	
111	0.0120106	
112	0.0127488	
113	0.0134469	
114	0.0140877	
115	0.0147229	
116	0.0153161	
117	0.0158578	
118	0.0164453	
119	0.0169355	
120	0.0175039	
121	0.0180227	
122	0.0185148	
123	0.0190011	
124	0.0194875	
125	0.0199376	
126	0.0203916	
127	0.0208055	
128	0.021206	
129	0.0215894	
130	0.0219671	
131	0.0222875	
132	0.0226575	
133	0.0229856	
134	0.0233079	
135	0.0236284	
136	0.0239297	
137	0.0241872	
138	0.0244619	
139	0.0247403	
140	0.0250379	
141	0.0252649	
142	0.025509	
143	0.0257398	
144	0.0259687	
145	0.0261823	
146	0.0264055	
147	0.0266267	
148	0.0268422	
149	0.0270215	
150	0.0272123	
151	0.0273916	
152	0.0275537	
153	0.0277025	
154	0.0278608	
155	0.0280172	
156	0.0281717	
157	0.0283242	
158	0.0284635	
159	0.0285989	
160	0.0287153	
161	0.0288297	
162	0.0289346	
163	0.0290395	
164	0.0291482	
165	0.0292588	
166	0.0293523	
167	0.0294362	
168	0.0295087	
169	0.0295697	
170	0.0296518	
171	0.0297185	
172	0.0297757	
173	0.0298444	
174	0.0298978	
175	0.0299493	
176	0.0299932	
177	0.030037	
178	0.0300752	
179	0.0301114	
180	0.0301362	
181	0.030161	
182	0.0301725	
183	0.0301839	
184	0.0301915	
185	0.0301839	
186	0.030182	
187	0.0301477	
188	0.0301114	
189	0.0301095	
190	0.0300676	
191	0.0300008	
192	0.029976	
193	0.0298978	
194	0.0298654	
195	0.0297948	
196	0.02973	
197	0.0296499	
198	0.0296041	
199	0.0295144	
200	0.0294172	
201	0.0293142	
202	0.0291978	
203	0.0290891	
204	0.0289804	
205	0.0288659	
206	0.0287439	
207	0.0286142	
208	0.0284864	
209	0.0283471	
210	0.0282022	
211	0.0280305	
212	0.0278722	
213	0.0277044	
214	0.027546	
215	0.0273706	
216	0.0272123	
217	0.027033	
218	0.0268346	
219	0.0266763	
220	0.0264493	
221	0.0261956	
222	0.0259629	
223	0.0257322	
224	0.0254861	
225	0.0252362	
226	0.0249692	
227	0.0246946	
228	0.0244066	
229	0.024109	
230	0.0237924	
231	0.023472	
232	0.0231286	
233	0.0227681	
234	0.0224019	
235	0.0220262	
236	0.0216409	
237	0.0212327	
238	0.0208036	
239	0.0203859	
240	0.0199414	
241	0.0194837	
242	0.0189992	
243	0.0185243	
244	0.0180112	
245	0.0174924	
246	0.0169526	
247	0.01639	
248	0.0158063	
249	0.0152054	
250	0.0145894	
251	0.0139466	
252	0.0132771	
253	0.0125924	
254	0.0118809	
255	0.0111561	
256	0.0104046	
257	0.00962454	
258	0.00882918	
259	0.0080319	
260	0.00721553	
261	0.00639156	
262	0.00557712	
263	0.00476459	
264	0.00397876	
265	0.00321008	
266	0.00248529	
267	0.00182534	
268	0.00124551	
269	0.000757221	
270	0.000385286	
271	0.000148774	
272	4.38693E-5	
273	8.77385E-5	
274	0.000270845	
275	0.00058556	
276	0.00102044	
277	0.0015545	
278	0.00218011	
279	0.00287057	
280	0.00360872	
281	0.00438884	
282	0.00520137	
283	0.00601771	
284	0.00684169	
285	0.00765803	
286	0.00847441	
287	0.00927359	
288	0.0100442	
289	0.0107995	
290	0.0115262	
291	0.01223	
292	0.0129262	
293	0.0135975	
294	0.0142384	
295	0.0148659	
296	0.015461	
297	0.016039	
298	0.0165902	
299	0.0171167	
300	0.0176221	
301	0.018118	
302	0.0186025	
303	0.0190622	
304	0.0195123	
305	0.0199434	
306	0.0203439	
307	0.0207349	
308	0.0211126	
309	0.0214807	
310	0.021845	
311	0.0221959	
312	0.0225412	
313	0.0228826	
314	0.0232106	
315	0.0235006	
316	0.0238057	
317	0.0240957	
318	0.0243741	
319	0.0246507	
320	0.0249254	
321	0.0252019	
322	0.0254709	
323	0.0257322	
324	0.0259839	
325	0.0262204	
326	0.0264398	
327	0.0266534	
328	0.0268594	
329	0.027054	
330	0.0272504	
331	0.0274316	
332	0.027609	
333	0.0277807	
334	0.027939	
335	0.0280896	
336	0.0282289	
337	0.02837	
338	0.0285188	
339	0.0286485	
340	0.0287896	
341	0.0289327	
342	0.0290109	
343	0.0290872	
344	0.0291826	
345	0.0292722	
346	0.0293466	
347	0.0294172	
348	0.0294839	
349	0.0295449	
350	0.0296022	
351	0.0296613	
352	0.0297204	
353	0.0297624	
354	0.0298005	
355	0.0298272	
356	0.0298501	
357	0.0298578	
358	0.0298654	
359	0.029915	
360	0.0299455	