0	0.0210935	
2	0.0210325	
4	0.0209752	
6	0.0208818	
8	0.0207731	
10	0.020672	
12	0.020548	
14	0.0204335	
16	0.0202466	
18	0.0200902	
20	0.0199224	
22	0.0197412	
24	0.0195485	
26	0.019354	
28	0.019169	
30	0.0189744	
32	0.0187494	
34	0.0185128	
36	0.018263	
38	0.0180055	
40	0.0177022	
42	0.0174199	
44	0.0171281	
46	0.0168439	
48	0.0165159	
50	0.0161649	
52	0.015812	
54	0.0154324	
56	0.0150242	
58	0.0145894	
60	0.0141354	
62	0.0136414	
64	0.013073	
66	0.0125104	
68	0.0119019	
70	0.0112687	
72	0.0105458	
74	0.00976187	
76	0.00893027	
78	0.00803953	
80	0.00709155	
82	0.0060921	
84	0.00504306	
86	0.00397304	
88	0.00293542	
90	0.00197221	
92	0.00116158	
94	0.000593189	
96	0.000337603	
98	0.000444414	
100	0.000919346	
102	0.00172807	
104	0.00280191	
106	0.00402263	
108	0.00533298	
110	0.00665095	
112	0.0079003	
114	0.00910956	
116	0.0102406	
118	0.0113068	
120	0.0123273	
122	0.0132294	
124	0.0140401	
126	0.0147877	
128	0.0154629	
130	0.0160676	
132	0.0166131	
134	0.0171129	
136	0.0175611	
138	0.017975	
140	0.018345	
142	0.0186864	
144	0.0189992	
146	0.0192624	
148	0.0195028	
150	0.0197221	
152	0.0199224	
154	0.0201112	
156	0.0202943	
158	0.0204316	
160	0.0205308	
162	0.0206243	
164	0.0207158	
166	0.0207921	
168	0.0208474	
170	0.0208894	
172	0.0209314	
174	0.0209352	
176	0.0209295	
178	0.0209237	
180	0.0208818	