0	0.028	
1	0.0280668	
2	0.0280401	
3	0.0280553	
4	0.028082	
5	0.0281068	
6	0.0281373	
7	0.0281774	
8	0.0282365	
9	0.0282613	
10	0.0282689	
11	0.028309	
12	0.0283586	
13	0.0283967	
14	0.028349	
15	0.0284826	
16	0.0284921	
17	0.0285074	
18	0.0285436	
19	0.0285627	
20	0.0285779	
21	0.0286103	
22	0.0286351	
23	0.0286561	
24	0.0286657	
25	0.0286771	
26	0.0286866	
27	0.0286924	
28	0.0286962	
29	0.0286847	
30	0.0286752	
31	0.028658	
32	0.0286332	
33	0.0286046	
34	0.0285722	
35	0.0285245	
36	0.0284749	
37	0.0284196	
38	0.0283548	
39	0.0282842	
40	0.0282041	
41	0.0281221	
42	0.0280057	
43	0.0278989	
44	0.0277883	
45	0.0276681	
46	0.0275403	
47	0.0274011	
48	0.0272542	
49	0.0270959	
50	0.02693	
51	0.0267507	
52	0.0265638	
53	0.0263597	
54	0.0261441	
55	0.0259134	
56	0.0256749	
57	0.0254289	
58	0.0251695	
59	0.0249063	
60	0.024624	
61	0.0243188	
62	0.0240155	
63	0.0237409	
64	0.0234166	
65	0.023079	
66	0.0227052	
67	0.0223237	
68	0.0219404	
69	0.0215474	
70	0.0211316	
71	0.0207025	
72	0.0202562	
73	0.0198041	
74	0.019354	
75	0.0188924	
76	0.0184118	
77	0.0179292	
78	0.0174505	
79	0.0169698	
80	0.0164911	
81	0.0160257	
82	0.0155583	
83	0.0151234	
84	0.0147076	
85	0.0143223	
86	0.0139714	
87	0.0136586	
88	0.0133877	
89	0.0131665	
90	0.0130025	
91	0.0128995	
92	0.012867	
93	0.0128918	
94	0.0129815	
95	0.013136	
96	0.0133477	
97	0.0136071	
98	0.0139142	
99	0.0142613	
100	0.0146485	
101	0.0150624	
102	0.0154935	
103	0.0159379	
104	0.0163976	
105	0.0168706	
106	0.0173398	
107	0.0178167	
108	0.0182878	
109	0.0187589	
110	0.0192128	
111	0.0196592	
112	0.0200998	
113	0.0205289	
114	0.0209409	
115	0.0213376	
116	0.0217229	
117	0.0220968	
118	0.0224553	
119	0.0227948	
120	0.0231248	
121	0.0234414	
122	0.023739	
123	0.0240308	
124	0.0244142	
125	0.0246831	
126	0.0249349	
127	0.0251771	
128	0.0254041	
129	0.0256177	
130	0.0258237	
131	0.0260144	
132	0.0261976	
133	0.0263654	
134	0.0265275	
135	0.0266839	
136	0.026827	
137	0.026991	
138	0.0271608	
139	0.0273	
140	0.0274163	
141	0.0275308	
142	0.0276395	
143	0.0277215	
144	0.0277673	
145	0.0278627	
146	0.027939	
147	0.0279943	
148	0.0280515	
149	0.0281049	
150	0.0281507	
151	0.0282041	
152	0.0282327	
153	0.028267	
154	0.0282899	
155	0.0283052	
156	0.0283185	
157	0.0283242	
158	0.0283281	
159	0.0283281	
160	0.0283242	
161	0.0283166	
162	0.028309	
163	0.0283014	
164	0.028288	
165	0.0282766	
166	0.0282594	
167	0.0282441	
168	0.0282346	
169	0.0282232	
170	0.0282098	
171	0.0281984	
172	0.0281888	
173	0.0281774	
174	0.0281717	
175	0.0281659	
176	0.0281526	
177	0.0281755	
178	0.0281564	
179	0.0281621	
180	0.0281717	
181	0.0281278	
182	0.0280668	
183	0.0280839	
184	0.0281011	
185	0.0281106	
186	0.0281373	
187	0.0281965	
188	0.0282422	
189	0.0282518	
190	0.028227	
191	0.0282289	
192	0.0282651	
193	0.0282956	
194	0.0283262	
195	0.0283605	
196	0.0283872	
197	0.0284139	
198	0.0284425	
199	0.0284711	
200	0.028494	
201	0.0285188	
202	0.0285341	
203	0.0285512	
204	0.0285684	
205	0.0285798	
206	0.0285913	
207	0.0286027	
208	0.0286161	
209	0.0286237	
210	0.0286237	
211	0.0286351	
212	0.0286142	
213	0.028597	
214	0.0285665	
215	0.0285321	
216	0.028494	
217	0.0284425	
218	0.0283872	
219	0.0283242	
220	0.028246	
221	0.0281678	
222	0.0280782	
223	0.027979	
224	0.027876	
225	0.027752	
226	0.0276204	
227	0.0274812	
228	0.0273305	
229	0.0271741	
230	0.0270044	
231	0.0268289	
232	0.0266305	
233	0.0264207	
234	0.0262166	
235	0.0259877	
236	0.0257436	
237	0.0254937	
238	0.0252286	
239	0.0249463	
240	0.0246507	
241	0.0243455	
242	0.0240251	
243	0.0236932	
244	0.0233461	
245	0.0229894	
246	0.0226156	
247	0.0222245	
248	0.0218183	
249	0.0213987	
250	0.0209657	
251	0.0205175	
252	0.0200559	
253	0.0195676	
254	0.0191289	
255	0.018591	
256	0.0180837	
257	0.0175859	
258	0.0170709	
259	0.0165616	
260	0.01606	
261	0.0155717	
262	0.0150986	
263	0.0146657	
264	0.0142384	
265	0.0138512	
266	0.013506	
267	0.0132084	
268	0.0129624	
269	0.0127774	
270	0.0126534	
271	0.0126	
272	0.0126191	
273	0.0126954	
274	0.0128022	
275	0.0130273	
276	0.0132981	
277	0.0135918	
278	0.0139447	
279	0.0143376	
280	0.0147591	
281	0.015194	
282	0.015648	
283	0.0161191	
284	0.016596	
285	0.0170842	
286	0.0175611	
287	0.0180475	
288	0.0185243	
289	0.0189897	
290	0.0194474	
291	0.01989	
292	0.0203229	
293	0.0207368	
294	0.021145	
295	0.0215455	
296	0.0219175	
297	0.0222818	
298	0.0226346	
299	0.0229779	
300	0.0233098	
301	0.0236303	
302	0.0239335	
303	0.0242273	
304	0.0245115	
305	0.0247823	
306	0.0250398	
307	0.0252839	
308	0.0255185	
309	0.025736	
310	0.025942	
311	0.0261365	
312	0.0263177	
313	0.0264856	
314	0.0266515	
315	0.0268022	
316	0.0269433	
317	0.0270807	
318	0.0272046	
319	0.0273114	
320	0.0274183	
321	0.0275155	
322	0.0276052	
323	0.0276872	
324	0.0277673	
325	0.0278226	
326	0.0278875	
327	0.0279466	
328	0.0280057	
329	0.0280019	
330	0.0280896	
331	0.0281049	
332	0.0281259	
333	0.0281392	
334	0.0281583	
335	0.028206	
336	0.0282441	
337	0.0283033	
338	0.0282441	
339	0.028227	
340	0.0282041	
341	0.0282022	
342	0.0281774	
343	0.0281717	
344	0.0281564	
345	0.0281507	
346	0.0281354	
347	0.0281049	
348	0.0280839	
349	0.0280629	
350	0.0280458	
351	0.0280248	
352	0.0280057	
353	0.0279905	
354	0.0279886	
355	0.027979	
356	0.0279847	
357	0.0279905	
358	0.028	
359	0.0280038	
360	0.0280248	