0	0.0224248	
2	0.0223714	
4	0.0223085	
6	0.0222093	
8	0.0221254	
10	0.0220338	
12	0.0219308	
14	0.0218145	
16	0.0216962	
18	0.0215684	
20	0.0214292	
22	0.0212785	
24	0.0211183	
26	0.0209543	
28	0.0207769	
30	0.0205899	
32	0.0203897	
34	0.0201799	
36	0.0199605	
38	0.0197316	
40	0.0194913	
42	0.0192586	
44	0.018984	
46	0.0186979	
48	0.0184079	
50	0.0181009	
52	0.0177709	
54	0.0174428	
56	0.0171014	
58	0.016699	
60	0.0162088	
62	0.0157396	
64	0.0152684	
66	0.0147458	
68	0.0140553	
70	0.013342	
72	0.0125523	
74	0.0116921	
76	0.0107346	
78	0.00967795	
80	0.00852972	
82	0.00727656	
84	0.00591853	
86	0.00448039	
88	0.00309183	
90	0.00179482	
92	0.000753406	
94	0.000144959	
96	7.24797E-5	
98	0.000562672	
100	0.00155259	
102	0.00291254	
104	0.00445178	
106	0.00604823	
108	0.00761989	
110	0.00910956	
112	0.0104561	
114	0.0116864	
116	0.0127946	
118	0.0137978	
120	0.0147057	
122	0.015503	
124	0.0162355	
126	0.0168859	
128	0.0174752	
130	0.0180036	
132	0.0184995	
134	0.0189573	
136	0.0193197	
138	0.019663	
140	0.0199872	
142	0.020279	
144	0.020569	
146	0.0207978	
148	0.021021	
150	0.0212175	
152	0.0213815	
154	0.0215112	
156	0.0216027	
158	0.0216886	
160	0.0217725	
162	0.0218488	
164	0.0219251	
166	0.0219899	
168	0.0220357	
170	0.0220662	
172	0.0220643	
174	0.0220681	
176	0.022051	
178	0.0220281	
180	0.0220014	