0	0.00338556	
1	0.00342943	
2	0.00385858	
3	0.00461772	
4	0.00563434	
5	0.0067654	
6	0.00798804	
7	0.00920492	
8	0.0103875	
9	0.0119134	
10	0.0128098	
11	0.0134946	
12	0.0144177	
13	0.0148526	
14	0.0158559	
15	0.0165845	
16	0.0172921	
17	0.0179826	
18	0.0185186	
19	0.0190717	
20	0.0195791	
21	0.0200425	
22	0.0204812	
23	0.0209066	
24	0.0213014	
25	0.0216619	
26	0.0219861	
27	0.0222856	
28	0.0225793	
29	0.0228502	
30	0.0231	
31	0.0233365	
32	0.0235559	
33	0.0237924	
34	0.0239507	
35	0.0241319	
36	0.0242807	
37	0.0244256	
38	0.0245572	
39	0.0246774	
40	0.0247747	
41	0.0248624	
42	0.0249387	
43	0.0249978	
44	0.0250436	
45	0.0250818	
46	0.0251008	
47	0.025097	
48	0.0250989	
49	0.0250665	
50	0.0250303	
51	0.0249692	
52	0.0248891	
53	0.0248338	
54	0.0252801	
55	0.0245744	
56	0.0244123	
57	0.0242635	
58	0.0241033	
59	0.023924	
60	0.0237142	
61	0.0234987	
62	0.0232621	
63	0.0230008	
64	0.0227243	
65	0.022524	
66	0.0228826	
67	0.021845	
68	0.021494	
69	0.0211431	
70	0.0207769	
71	0.020384	
72	0.0201131	
73	0.0196229	
74	0.0191308	
75	0.0185872	
76	0.0180074	
77	0.0173818	
78	0.0167371	
79	0.0159951	
80	0.015173	
81	0.0142861	
82	0.0133	
83	0.0122071	
84	0.0110112	
85	0.00973326	
86	0.00836378	
87	0.00691798	
88	0.00541499	
89	0.00392345	
90	0.0025387	
91	0.00143624	
92	0.000761036	
93	0.000633243	
94	0.00107766	
95	0.00200845	
96	0.00326921	
97	0.00471118	
98	0.00621989	
99	0.00770763	
100	0.00909811	
101	0.0104046	
102	0.0116082	
103	0.0127144	
104	0.0137082	
105	0.0146161	
106	0.0154572	
107	0.0162088	
108	0.016903	
109	0.0175344	
110	0.018139	
111	0.0186616	
112	0.0191518	
113	0.0196286	
114	0.0200807	
115	0.0204984	
116	0.020878	
117	0.0212365	
118	0.0215703	
119	0.0218812	
120	0.022173	
121	0.0224382	
122	0.0226804	
123	0.0229074	
124	0.0231057	
125	0.0232984	
126	0.023472	
127	0.0236284	
128	0.0237714	
129	0.0238954	
130	0.0240155	
131	0.0241033	
132	0.0241777	
133	0.0242311	
134	0.0242711	
135	0.0242959	
136	0.0243131	
137	0.0243093	
138	0.0242959	
139	0.0242769	
140	0.0242406	
141	0.0242025	
142	0.0241319	
143	0.0240442	
144	0.0239431	
145	0.0238324	
146	0.0237008	
147	0.0235654	
148	0.0233957	
149	0.0232164	
150	0.023018	
151	0.0228063	
152	0.0225774	
153	0.0223314	
154	0.0220529	
155	0.0217572	
156	0.0214368	
157	0.0210992	
158	0.0207387	
159	0.0203401	
160	0.0199243	
161	0.0194608	
162	0.0189687	
163	0.0184346	
164	0.0178586	
165	0.0172311	
166	0.0165387	
167	0.0158273	
168	0.0150338	
169	0.0141621	
170	0.0132237	
171	0.0122166	
172	0.0111428	
173	0.0100117	
174	0.00881773	
175	0.00760272	
176	0.00641826	
177	0.00530818	
178	0.00435641	
179	0.00364687	
180	0.00327684	
181	0.00328638	
182	0.00369073	
183	0.00443271	
184	0.00542644	
185	0.00657466	
186	0.00781637	
187	0.00908285	
188	0.0103016	
189	0.0114632	
190	0.0125542	
191	0.0135861	
192	0.0145131	
193	0.0153943	
194	0.0161916	
195	0.0169393	
196	0.0176412	
197	0.0183145	
198	0.0189801	
199	0.0195409	
200	0.0200559	
201	0.0205384	
202	0.020981	
203	0.0213872	
204	0.0217878	
205	0.0221521	
206	0.0225126	
207	0.0228387	
208	0.0231267	
209	0.0234033	
210	0.0236531	
211	0.0238858	
212	0.024109	
213	0.0243112	
214	0.0244943	
215	0.024664	
216	0.0248281	
217	0.0249616	
218	0.0250856	
219	0.0251848	
220	0.0252916	
221	0.0253526	
222	0.0254098	
223	0.0254422	
224	0.0254766	
225	0.025509	
226	0.0255147	
227	0.0254995	
228	0.0254651	
229	0.0254365	
230	0.0253774	
231	0.0253049	
232	0.0252229	
233	0.0251256	
234	0.0249921	
235	0.0248586	
236	0.0247079	
237	0.0245439	
238	0.0243589	
239	0.0241739	
240	0.0239679	
241	0.0237581	
242	0.0235311	
243	0.023285	
244	0.0230275	
245	0.0227472	
246	0.0224458	
247	0.0221215	
248	0.0217744	
249	0.021412	
250	0.0210172	
251	0.0205938	
252	0.0201608	
253	0.0196649	
254	0.0191251	
255	0.0185529	
256	0.0179178	
257	0.0172559	
258	0.0165273	
259	0.0157357	
260	0.0148678	
261	0.0139351	
262	0.0129128	
263	0.0117894	
264	0.010582	
265	0.00927931	
266	0.00787932	
267	0.00638965	
268	0.00478557	
269	0.00337984	
270	0.00218011	
271	0.0013218	
272	0.00092316	
273	0.00104714	
274	0.00167657	
275	0.00269319	
276	0.00397304	
277	0.00539401	
278	0.00683787	
279	0.00825125	
280	0.00959402	
281	0.010809	
282	0.0119649	
283	0.0130349	
284	0.0141831	
285	0.0150376	
286	0.0157834	
287	0.0164529	
288	0.0170785	
289	0.0176927	
290	0.0182821	
291	0.0188199	
292	0.019312	
293	0.0197774	
294	0.0202142	
295	0.0206186	
296	0.0209924	
297	0.0213205	
298	0.0217057	
299	0.0220281	
300	0.0222989	
301	0.0224839	
302	0.0227205	
303	0.022915	
304	0.0230008	
305	0.0231801	
306	0.0233403	
307	0.0234948	
308	0.0236322	
309	0.0237485	
310	0.023863	
311	0.0239507	
312	0.0240384	
313	0.024109	
314	0.0241624	
315	0.0241929	
316	0.0242807	
317	0.0242997	
318	0.0242215	
319	0.0242044	
320	0.0242864	
321	0.0242311	
322	0.0241758	
323	0.0240823	
324	0.0239888	
325	0.0238973	
326	0.0237638	
327	0.0236608	
328	0.0234967	
329	0.0233308	
330	0.0231382	
331	0.0229055	
332	0.0226899	
333	0.0224668	
334	0.0222646	
335	0.0219804	
336	0.0216676	
337	0.0212728	
338	0.0209161	
339	0.0205613	
340	0.0200387	
341	0.01956	
342	0.0190564	
343	0.0185281	
344	0.0179502	
345	0.0173341	
346	0.0166627	
347	0.0159627	
348	0.0151616	
349	0.014246	
350	0.0134144	
351	0.0124493	
352	0.0112858	
353	0.0101834	
354	0.00908285	
355	0.00791174	
356	0.0068455	
357	0.00589564	
358	0.00509837	
359	0.00461772	
360	0.00448039	