0	0.0222417	
1	0.0222379	
2	0.0222322	
3	0.0222436	
4	0.0222512	
5	0.0222532	
6	0.0222303	
7	0.022236	
8	0.0222341	
9	0.0222532	
10	0.0222875	
11	0.0221292	
12	0.0220414	
13	0.0219995	
14	0.0219957	
15	0.0219766	
16	0.0219728	
17	0.0219575	
18	0.0219308	
19	0.0218984	
20	0.0218774	
21	0.0218526	
22	0.0218374	
23	0.021824	
24	0.0218068	
25	0.0217859	
26	0.021763	
27	0.0217439	
28	0.0217115	
29	0.021679	
30	0.0216428	
31	0.0216047	
32	0.0215627	
33	0.0215207	
34	0.0214597	
35	0.0214063	
36	0.0213605	
37	0.0213071	
38	0.0212384	
39	0.021166	
40	0.0210973	
41	0.0210191	
42	0.020939	
43	0.0208532	
44	0.0207654	
45	0.0206681	
46	0.0205671	
47	0.0204602	
48	0.020342	
49	0.0202218	
50	0.0200959	
51	0.0199567	
52	0.0198175	
53	0.0196725	
54	0.019518	
55	0.019354	
56	0.0191785	
57	0.0189954	
58	0.0188009	
59	0.0186025	
60	0.0183908	
61	0.0181676	
62	0.0179292	
63	0.0176793	
64	0.0174161	
65	0.0171376	
66	0.0168401	
67	0.0165311	
68	0.0162011	
69	0.0158521	
70	0.0154763	
71	0.0150872	
72	0.0146809	
73	0.014246	
74	0.0137864	
75	0.0133095	
76	0.0128117	
77	0.012291	
78	0.0117493	
79	0.0111828	
80	0.0106145	
81	0.0100289	
82	0.00943953	
83	0.00885206	
84	0.00828177	
85	0.00773624	
86	0.00724033	
87	0.00679973	
88	0.00643733	
89	0.00617793	
90	0.00602344	
91	0.00598338	
92	0.0060654	
93	0.00626376	
94	0.00656703	
95	0.00695804	
96	0.00742534	
97	0.00794607	
98	0.00850111	
99	0.00908476	
100	0.00968558	
101	0.0102902	
102	0.0108853	
103	0.0114709	
104	0.0120392	
105	0.0125847	
106	0.0131188	
107	0.0136071	
108	0.0140763	
109	0.0145283	
110	0.0149556	
111	0.0153561	
112	0.0157338	
113	0.0160924	
114	0.01643	
115	0.0167428	
116	0.0170423	
117	0.0173227	
118	0.0175897	
119	0.0178434	
120	0.0180818	
121	0.0183126	
122	0.0185243	
123	0.0187303	
124	0.0189248	
125	0.019106	
126	0.0192853	
127	0.0194513	
128	0.0196038	
129	0.0197526	
130	0.0198976	
131	0.0200292	
132	0.0201532	
133	0.0202695	
134	0.0203878	
135	0.0204965	
136	0.0205995	
137	0.0206968	
138	0.0207864	
139	0.0208722	
140	0.0209523	
141	0.0210286	
142	0.0210992	
143	0.0211679	
144	0.0212327	
145	0.0212842	
146	0.0213414	
147	0.0213968	
148	0.0214444	
149	0.0214883	
150	0.0215303	
151	0.0215646	
152	0.0215989	
153	0.0216314	
154	0.0216657	
155	0.0216924	
156	0.021721	
157	0.0217439	
158	0.021763	
159	0.021782	
160	0.0217992	
161	0.0218164	
162	0.0218316	
163	0.0218507	
164	0.0218583	
165	0.021866	
166	0.0218812	
167	0.0218869	
168	0.0218984	
169	0.0219079	
170	0.0219175	
171	0.021927	
172	0.0219308	
173	0.0219346	
174	0.0219384	
175	0.0219442	
176	0.0219461	
177	0.021948	
178	0.0219537	
179	0.0219556	
180	0.0219575	
181	0.0219575	
182	0.0219575	
183	0.0219537	
184	0.0219537	
185	0.0219537	
186	0.0219499	
187	0.0219461	
188	0.021948	
189	0.021948	
190	0.021948	
191	0.021948	
192	0.0219499	
193	0.0219442	
194	0.0219442	
195	0.0219404	
196	0.0219384	
197	0.0219327	
198	0.0219251	
199	0.0219136	
200	0.0219003	
201	0.0218908	
202	0.0218736	
203	0.0218545	
204	0.0218374	
205	0.0218145	
206	0.0217935	
207	0.0217668	
208	0.0217363	
209	0.0217057	
210	0.0216733	
211	0.021639	
212	0.0215989	
213	0.0215589	
214	0.021515	
215	0.0214654	
216	0.0214158	
217	0.0213624	
218	0.0213014	
219	0.0212346	
220	0.0211698	
221	0.0210973	
222	0.021021	
223	0.0209771	
224	0.020857	
225	0.0207483	
226	0.0206491	
227	0.0205613	
228	0.0204622	
229	0.0203305	
230	0.0202066	
231	0.0200788	
232	0.0199319	
233	0.0197889	
234	0.0196382	
235	0.0194741	
236	0.0193044	
237	0.0191251	
238	0.0189344	
239	0.0187379	
240	0.0185281	
241	0.0183069	
242	0.0180837	
243	0.0178396	
244	0.0175859	
245	0.017315	
246	0.0170289	
247	0.0167218	
248	0.0163995	
249	0.01606	
250	0.0156995	
251	0.0153218	
252	0.0149251	
253	0.0145054	
254	0.0140629	
255	0.0135995	
256	0.0131245	
257	0.0126267	
258	0.0121098	
259	0.0115796	
260	0.0110436	
261	0.0105115	
262	0.00998884	
263	0.00946623	
264	0.0089646	
265	0.00849348	
266	0.00806624	
267	0.00770572	
268	0.00742152	
269	0.00722697	
270	0.00712588	
271	0.00711635	
272	0.00721553	
273	0.00740626	
274	0.00768664	
275	0.00803953	
276	0.00845915	
277	0.00892264	
278	0.00941664	
279	0.00993925	
280	0.0104638	
281	0.0109959	
282	0.0115376	
283	0.0120583	
284	0.0125714	
285	0.0130711	
286	0.0135518	
287	0.0140076	
288	0.0144463	
289	0.0148583	
290	0.015255	
291	0.0156327	
292	0.0159837	
293	0.0163232	
294	0.0166627	
295	0.017006	
296	0.0172616	
297	0.0175077	
298	0.0177728	
299	0.0180436	
300	0.0182744	
301	0.0184804	
302	0.0186883	
303	0.0188943	
304	0.0190908	
305	0.0192949	
306	0.0194494	
307	0.0195829	
308	0.0197355	
309	0.0198842	
310	0.0200292	
311	0.0201608	
312	0.0202829	
313	0.0204049	
314	0.0205175	
315	0.0206243	
316	0.0207292	
317	0.0208284	
318	0.0209275	
319	0.0210191	
320	0.021103	
321	0.021185	
322	0.0212613	
323	0.0213338	
324	0.0214025	
325	0.0214616	
326	0.0215207	
327	0.0215741	
328	0.0216237	
329	0.0216676	
330	0.0217057	
331	0.0217458	
332	0.0217801	
333	0.0218145	
334	0.021845	
335	0.0218755	
336	0.0219022	
337	0.0219232	
338	0.0219423	
339	0.0219575	
340	0.0219728	
341	0.0219861	
342	0.0220014	
343	0.0220109	
344	0.0220205	
345	0.02203	
346	0.0220357	
347	0.0220433	
348	0.0220567	
349	0.0220643	
350	0.0220681	
351	0.0220739	
352	0.0220758	
353	0.0220815	
354	0.0220891	
355	0.0220948	
356	0.0220948	
357	0.0221006	
358	0.0221082	
359	0.0221139	
360	0.0221196	