0.000	0.026
1.000	0.026
2.000	0.026
3.000	0.026
4.000	0.027
5.000	0.027
6.000	0.027
7.000	0.027
8.000	0.027
9.000	0.027
10.000	0.027
11.000	0.027
12.000	0.027
13.000	0.028
14.000	0.028
15.000	0.028
16.000	0.028
17.000	0.028
18.000	0.028
19.000	0.028
20.000	0.029
21.000	0.029
22.000	0.029
23.000	0.029
24.000	0.029
25.000	0.029
26.000	0.029
27.000	0.029
28.000	0.029
29.000	0.029
30.000	0.030
31.000	0.030
32.000	0.030
33.000	0.030
34.000	0.030
35.000	0.030
36.000	0.030
37.000	0.030
38.000	0.030
39.000	0.030
40.000	0.030
41.000	0.030
42.000	0.030
43.000	0.030
44.000	0.030
45.000	0.030
46.000	0.030
47.000	0.029
48.000	0.029
49.000	0.029
50.000	0.029
51.000	0.029
52.000	0.029
53.000	0.029
54.000	0.029
55.000	0.029
56.000	0.028
57.000	0.028
58.000	0.028
59.000	0.028
60.000	0.028
61.000	0.027
62.000	0.027
63.000	0.027
64.000	0.027
65.000	0.026
66.000	0.026
67.000	0.026
68.000	0.026
69.000	0.025
70.000	0.025
71.000	0.025
72.000	0.025
73.000	0.024
74.000	0.024
75.000	0.024
76.000	0.024
77.000	0.023
78.000	0.023
79.000	0.023
80.000	0.023
81.000	0.022
82.000	0.022
83.000	0.022
84.000	0.022
85.000	0.022
86.000	0.022
87.000	0.022
88.000	0.022
89.000	0.021
90.000	0.021
91.000	0.021
92.000	0.022
93.000	0.022
94.000	0.022
95.000	0.022
96.000	0.022
97.000	0.022
98.000	0.022
99.000	0.023
100.000	0.023
101.000	0.023
102.000	0.023
103.000	0.023
104.000	0.024
105.000	0.024
106.000	0.024
107.000	0.025
108.000	0.025
109.000	0.025
110.000	0.025
111.000	0.026
112.000	0.026
113.000	0.026
114.000	0.026
115.000	0.027
116.000	0.027
117.000	0.027
118.000	0.027
119.000	0.027
120.000	0.028
121.000	0.028
122.000	0.028
123.000	0.028
124.000	0.028
125.000	0.028
126.000	0.029
127.000	0.029
128.000	0.029
129.000	0.029
130.000	0.029
131.000	0.029
132.000	0.029
133.000	0.029
134.000	0.029
135.000	0.029
136.000	0.029
137.000	0.029
138.000	0.029
139.000	0.029
140.000	0.029
141.000	0.029
142.000	0.029
143.000	0.029
144.000	0.029
145.000	0.029
146.000	0.029
147.000	0.029
148.000	0.029
149.000	0.029
150.000	0.029
151.000	0.029
152.000	0.028
153.000	0.028
154.000	0.028
155.000	0.028
156.000	0.028
157.000	0.028
158.000	0.028
159.000	0.028
160.000	0.027
161.000	0.027
162.000	0.027
163.000	0.027
164.000	0.027
165.000	0.027
166.000	0.026
167.000	0.026
168.000	0.026
169.000	0.026
170.000	0.026
171.000	0.026
172.000	0.026
173.000	0.026
174.000	0.026
175.000	0.026
176.000	0.026
177.000	0.026
178.000	0.026
179.000	0.026
180.000	0.026
181.000	0.026
182.000	0.026
183.000	0.026
184.000	0.026
185.000	0.026
186.000	0.026
187.000	0.026
188.000	0.026
189.000	0.026
190.000	0.027
191.000	0.027
192.000	0.027
193.000	0.027
194.000	0.027
195.000	0.027
196.000	0.028
197.000	0.028
198.000	0.028
199.000	0.028
200.000	0.028
201.000	0.028
202.000	0.029
203.000	0.029
204.000	0.029
205.000	0.029
206.000	0.029
207.000	0.029
208.000	0.029
209.000	0.030
210.000	0.030
211.000	0.030
212.000	0.030
213.000	0.030
214.000	0.030
215.000	0.030
216.000	0.030
217.000	0.030
218.000	0.030
219.000	0.030
220.000	0.030
221.000	0.030
222.000	0.030
223.000	0.030
224.000	0.030
225.000	0.030
226.000	0.030
227.000	0.030
228.000	0.030
229.000	0.030
230.000	0.029
231.000	0.029
232.000	0.029
233.000	0.029
234.000	0.029
235.000	0.029
236.000	0.029
237.000	0.028
238.000	0.028
239.000	0.028
240.000	0.028
241.000	0.028
242.000	0.027
243.000	0.027
244.000	0.027
245.000	0.027
246.000	0.026
247.000	0.026
248.000	0.026
249.000	0.025
250.000	0.025
251.000	0.025
252.000	0.025
253.000	0.024
254.000	0.024
255.000	0.024
256.000	0.024
257.000	0.023
258.000	0.023
259.000	0.023
260.000	0.023
261.000	0.022
262.000	0.022
263.000	0.022
264.000	0.022
265.000	0.022
266.000	0.022
267.000	0.022
268.000	0.022
269.000	0.022
270.000	0.022
271.000	0.022
272.000	0.022
273.000	0.022
274.000	0.022
275.000	0.022
276.000	0.022
277.000	0.023
278.000	0.023
279.000	0.023
280.000	0.023
281.000	0.024
282.000	0.024
283.000	0.024
284.000	0.024
285.000	0.025
286.000	0.025
287.000	0.025
288.000	0.026
289.000	0.026
290.000	0.026
291.000	0.026
292.000	0.026
293.000	0.027
294.000	0.027
295.000	0.027
296.000	0.027
297.000	0.028
298.000	0.028
299.000	0.028
300.000	0.028
301.000	0.028
302.000	0.029
303.000	0.029
304.000	0.029
305.000	0.029
306.000	0.029
307.000	0.029
308.000	0.029
309.000	0.029
310.000	0.030
311.000	0.030
312.000	0.030
313.000	0.030
314.000	0.030
315.000	0.030
316.000	0.030
317.000	0.030
318.000	0.030
319.000	0.030
320.000	0.030
321.000	0.030
322.000	0.030
323.000	0.030
324.000	0.030
325.000	0.030
326.000	0.030
327.000	0.030
328.000	0.030
329.000	0.029
330.000	0.029
331.000	0.029
332.000	0.029
333.000	0.029
334.000	0.029
335.000	0.029
336.000	0.029
337.000	0.029
338.000	0.029
339.000	0.028
340.000	0.028
341.000	0.028
342.000	0.028
343.000	0.028
344.000	0.028
345.000	0.028
346.000	0.028
347.000	0.028
348.000	0.027
349.000	0.027
350.000	0.027
351.000	0.027
352.000	0.027
353.000	0.027
354.000	0.027
355.000	0.027
356.000	0.027
357.000	0.027
358.000	0.027
359.000	0.027
360.000	0.027
361.000	0.000
