0	0.0226842	
1	0.0226308	
2	0.0226213	
3	0.0226136	
4	0.0226079	
5	0.0226079	
6	0.0225927	
7	0.0225831	
8	0.0225812	
9	0.0225755	
10	0.0225641	
11	0.0225621	
12	0.0225564	
13	0.0225488	
14	0.0225374	
15	0.0225297	
16	0.0225202	
17	0.022503	
18	0.0224916	
19	0.0224725	
20	0.0224515	
21	0.0224324	
22	0.0224115	
23	0.0223886	
24	0.0223619	
25	0.0223333	
26	0.0223066	
27	0.0222741	
28	0.022236	
29	0.0221959	
30	0.0221597	
31	0.0221196	
32	0.0220758	
33	0.0220224	
34	0.0219709	
35	0.0219213	
36	0.0218602	
37	0.0217992	
38	0.0217363	
39	0.0216752	
40	0.0216027	
41	0.0215341	
42	0.021454	
43	0.021372	
44	0.0212861	
45	0.0212022	
46	0.0211107	
47	0.0210496	
48	0.0209638	
49	0.0208589	
50	0.0207425	
51	0.0206243	
52	0.0204946	
53	0.0203592	
54	0.0202218	
55	0.0200711	
56	0.0199109	
57	0.0197393	
58	0.0195676	
59	0.0193826	
60	0.0191919	
61	0.0189954	
62	0.0187799	
63	0.018551	
64	0.0183126	
65	0.0180551	
66	0.0177823	
67	0.0174943	
68	0.0171777	
69	0.0168477	
70	0.0164949	
71	0.016121	
72	0.01573	
73	0.0153065	
74	0.0148564	
75	0.0143777	
76	0.013876	
77	0.0133477	
78	0.0127831	
79	0.0121976	
80	0.0115891	
81	0.0109521	
82	0.0102978	
83	0.00963789	
84	0.00897986	
85	0.00833136	
86	0.00772098	
87	0.0071564	
88	0.00668338	
89	0.00631335	
90	0.00607875	
91	0.00596812	
92	0.00601009	
93	0.00618747	
94	0.00650027	
95	0.00692752	
96	0.00744441	
97	0.00803763	
98	0.00867468	
99	0.00933653	
100	0.00998884	
101	0.0106564	
102	0.0113145	
103	0.0119401	
104	0.0125676	
105	0.0131455	
106	0.0137063	
107	0.0142403	
108	0.0147324	
109	0.0152074	
110	0.0156442	
111	0.0160543	
112	0.0164434	
113	0.0168191	
114	0.0171624	
115	0.0174829	
116	0.0177881	
117	0.0180684	
118	0.0183393	
119	0.0185891	
120	0.0188276	
121	0.0190736	
122	0.0192987	
123	0.0195009	
124	0.0196954	
125	0.0198785	
126	0.0200425	
127	0.0202008	
128	0.0203592	
129	0.0204068	
130	0.0205289	
131	0.0206586	
132	0.0207998	
133	0.0209295	
134	0.0210515	
135	0.0211431	
136	0.0212499	
137	0.0213472	
138	0.0214425	
139	0.021536	
140	0.0215989	
141	0.0216886	
142	0.0217553	
143	0.0218259	
144	0.0218869	
145	0.021948	
146	0.0220052	
147	0.0220548	
148	0.0220891	
149	0.0221368	
150	0.0221578	
151	0.0221921	
152	0.0222131	
153	0.0222322	
154	0.0222493	
155	0.0222684	
156	0.0222875	
157	0.0223066	
158	0.0223352	
159	0.02236	
160	0.0223886	
161	0.0224057	
162	0.0224324	
163	0.0224553	
164	0.0224725	
165	0.0224839	
166	0.0224916	
167	0.0225126	
168	0.0224992	
169	0.0224935	
170	0.0224973	
171	0.0225011	
172	0.0225106	
173	0.0225202	
174	0.0225259	
175	0.0225316	
176	0.0225393	
177	0.0225488	
178	0.0225545	
179	0.0225621	
180	0.0225679	
181	0.0225736	
182	0.0225755	
183	0.0225774	
184	0.0225774	
185	0.0225774	
186	0.0225736	
187	0.0225698	
188	0.0225679	
189	0.0225621	
190	0.0225583	
191	0.0225545	
192	0.0225507	
193	0.0225412	
194	0.0225374	
195	0.0225278	
196	0.022524	
197	0.0225126	
198	0.0225011	
199	0.0224859	
200	0.0224725	
201	0.0224553	
202	0.0224324	
203	0.0224115	
204	0.0223886	
205	0.0223657	
206	0.022339	
207	0.0223066	
208	0.0222741	
209	0.0222379	
210	0.022194	
211	0.022154	
212	0.0221063	
213	0.0220624	
214	0.0220109	
215	0.0219499	
216	0.0218831	
217	0.0218278	
218	0.0217572	
219	0.0216886	
220	0.0216142	
221	0.0215417	
222	0.0214597	
223	0.021372	
224	0.0212823	
225	0.0211869	
226	0.021084	
227	0.0209829	
228	0.0208741	
229	0.0207597	
230	0.0206491	
231	0.0205289	
232	0.0204049	
233	0.0202676	
234	0.0201246	
235	0.0199758	
236	0.0198156	
237	0.0196458	
238	0.0194646	
239	0.0192834	
240	0.019087	
241	0.0188829	
242	0.0186769	
243	0.0184594	
244	0.0182306	
245	0.0179864	
246	0.0177308	
247	0.0174562	
248	0.0171624	
249	0.0168458	
250	0.0165044	
251	0.0161611	
252	0.0157853	
253	0.0153847	
254	0.0149594	
255	0.0145093	
256	0.014042	
257	0.0135518	
258	0.0130311	
259	0.012497	
260	0.011942	
261	0.0113774	
262	0.0107995	
263	0.0102215	
264	0.00965315	
265	0.00910956	
266	0.00859648	
267	0.00814825	
268	0.00776294	
269	0.00747493	
270	0.00729373	
271	0.00722697	
272	0.00728229	
273	0.00745776	
274	0.00773624	
275	0.00810629	
276	0.00855643	
277	0.00905997	
278	0.00960165	
279	0.0101643	
280	0.0107442	
281	0.0113297	
282	0.0119362	
283	0.0125008	
284	0.0130368	
285	0.0135537	
286	0.0140572	
287	0.0145417	
288	0.0150128	
289	0.0154591	
290	0.0158597	
291	0.0162374	
292	0.016596	
293	0.0169297	
294	0.0172521	
295	0.0175592	
296	0.0178491	
297	0.0181161	
298	0.0183736	
299	0.0186139	
300	0.0188428	
301	0.019066	
302	0.0192739	
303	0.0194722	
304	0.0196592	
305	0.0198365	
306	0.0200044	
307	0.0201646	
308	0.0203153	
309	0.0204583	
310	0.0205976	
311	0.0207254	
312	0.0208513	
313	0.0209676	
314	0.0210744	
315	0.0211812	
316	0.0212861	
317	0.0213853	
318	0.0214826	
319	0.0215703	
320	0.0216504	
321	0.0217248	
322	0.0218011	
323	0.0218755	
324	0.0219423	
325	0.0220071	
326	0.0220643	
327	0.0221215	
328	0.022173	
329	0.0222207	
330	0.0222665	
331	0.0223104	
332	0.0223523	
333	0.0223867	
334	0.0224191	
335	0.0224515	
336	0.0224782	
337	0.0225068	
338	0.0225259	
339	0.0225507	
340	0.0225717	
341	0.0225927	
342	0.0226079	
343	0.0226251	
344	0.0226403	
345	0.0226537	
346	0.0226632	
347	0.0226709	
348	0.0226785	
349	0.0226861	
350	0.0226957	
351	0.0226995	
352	0.0227033	
353	0.0227052	
354	0.0227071	
355	0.022709	
356	0.0227052	
357	0.0227052	
358	0.0227052	
359	0.0227033	
360	0.0227014	