0	0.030037	
1	0.0300714	
2	0.0301038	
3	0.0300714	
4	0.0301667	
5	0.0301515	
6	0.0301515	
7	0.030161	
8	0.0301572	
9	0.0301496	
10	0.0301267	
11	0.0301152	
12	0.0300866	
13	0.0300428	
14	0.0300027	
15	0.0299569	
16	0.0298997	
17	0.0298425	
18	0.0297681	
19	0.0297071	
20	0.0296289	
21	0.0295526	
22	0.0294629	
23	0.0293676	
24	0.0292608	
25	0.0291406	
26	0.0290738	
27	0.0289193	
28	0.0288068	
29	0.028658	
30	0.0285417	
31	0.0284139	
32	0.0282785	
33	0.0281163	
34	0.0279561	
35	0.0277807	
36	0.0275708	
37	0.0273725	
38	0.0271417	
39	0.0269166	
40	0.0266763	
41	0.0264493	
42	0.0262014	
43	0.0259362	
44	0.0256768	
45	0.0254117	
46	0.0251218	
47	0.0248243	
48	0.0245229	
49	0.0242139	
50	0.0238744	
51	0.0235234	
52	0.0231591	
53	0.0227834	
54	0.0223962	
55	0.0219804	
56	0.0216352	
57	0.0211335	
58	0.0206701	
59	0.0201894	
60	0.0197088	
61	0.0192186	
62	0.0186101	
63	0.018078	
64	0.0174943	
65	0.0169126	
66	0.016308	
67	0.0156671	
68	0.0150014	
69	0.0143128	
70	0.0135842	
71	0.0128193	
72	0.0120392	
73	0.0112324	
74	0.0103913	
75	0.00955015	
76	0.0086804	
77	0.00779346	
78	0.00690654	
79	0.00601199	
80	0.00510982	
81	0.00423816	
82	0.0034218	
83	0.00266649	
84	0.00196268	
85	0.00133706	
86	0.000822071	
87	0.00043297	
88	0.000175477	
89	6.48503E-5	
90	0.000116349	
91	0.000308992	
92	0.00064278	
93	0.00110055	
94	0.00167466	
95	0.00233079	
96	0.00305177	
97	0.00380899	
98	0.00462344	
99	0.00545123	
100	0.00626567	
101	0.00709346	
102	0.00790983	
103	0.00871474	
104	0.00951201	
105	0.0102845	
106	0.0110245	
107	0.0117322	
108	0.0124303	
109	0.0131341	
110	0.0138188	
111	0.0144444	
112	0.0150548	
113	0.015627	
114	0.0161916	
115	0.0167085	
116	0.0171777	
117	0.0176584	
118	0.0181142	
119	0.0185643	
120	0.0189992	
121	0.0194284	
122	0.0198613	
123	0.0202962	
124	0.0207006	
125	0.0210973	
126	0.0214883	
127	0.0218393	
128	0.0221769	
129	0.022503	
130	0.0228235	
131	0.0231515	
132	0.02347	
133	0.0242578	
134	0.024542	
135	0.0243608	
136	0.0244981	
137	0.0247194	
138	0.0249406	
139	0.0251771	
140	0.0254556	
141	0.0256768	
142	0.0259057	
143	0.0260774	
144	0.0262929	
145	0.0264684	
146	0.0266725	
147	0.0269204	
148	0.0270673	
149	0.0272599	
150	0.0273744	
151	0.0275022	
152	0.0276567	
153	0.0278093	
154	0.0279542	
155	0.0281106	
156	0.028227	
157	0.0283529	
158	0.0284806	
159	0.0286027	
160	0.0287381	
161	0.0288488	
162	0.0289289	
163	0.0289785	
164	0.0290719	
165	0.0291654	
166	0.0292856	
167	0.0293905	
168	0.0294515	
169	0.0295621	
170	0.0296155	
171	0.0296975	
172	0.0297738	
173	0.0298253	
174	0.0298845	
175	0.0299455	
176	0.0300027	
177	0.0300523	
178	0.0300962	
179	0.0301419	
180	0.0301801	
181	0.0302087	
182	0.0302297	
183	0.0302182	
184	0.0302221	
185	0.0302335	
186	0.0302335	
187	0.0302354	
188	0.0302297	
189	0.0302106	
190	0.0301934	
191	0.0302163	
192	0.0301801	
193	0.0301381	
194	0.0301	
195	0.0300542	
196	0.0300008	
197	0.0299531	
198	0.029894	
199	0.0298253	
200	0.0297395	
201	0.0296594	
202	0.0295736	
203	0.0294839	
204	0.0293828	
205	0.0292817	
206	0.0291597	
207	0.0290414	
208	0.028906	
209	0.0287744	
210	0.0286428	
211	0.0284921	
212	0.0283338	
213	0.0281621	
214	0.0279905	
215	0.0278054	
216	0.0276185	
217	0.0274221	
218	0.0272104	
219	0.0270025	
220	0.0267831	
221	0.0265619	
222	0.0263311	
223	0.0261384	
224	0.0259095	
225	0.0255872	
226	0.0252572	
227	0.0249559	
228	0.0246392	
229	0.0243207	
230	0.0239888	
231	0.0236379	
232	0.0232641	
233	0.0228845	
234	0.0224973	
235	0.0220777	
236	0.0216695	
237	0.0212079	
238	0.0207158	
239	0.0202504	
240	0.0198117	
241	0.0193197	
242	0.0187932	
243	0.0182515	
244	0.0176679	
245	0.0170842	
246	0.0164777	
247	0.0158406	
248	0.0151616	
249	0.0144654	
250	0.013752	
251	0.0130044	
252	0.0122357	
253	0.0114365	
254	0.0106068	
255	0.00975996	
256	0.00888449	
257	0.00799567	
258	0.007103	
259	0.00620463	
260	0.00530627	
261	0.00442889	
262	0.00358583	
263	0.0027981	
264	0.0020714	
265	0.0014248	
266	0.000883106	
267	0.000471117	
268	0.00020218	
269	8.77385E-5	
270	0.000131608	
271	0.000333788	
272	0.000673298	
273	0.00115968	
274	0.00175095	
275	0.00241472	
276	0.00314905	
277	0.00392535	
278	0.00473216	
279	0.00556567	
280	0.00640491	
281	0.00727084	
282	0.00806814	
283	0.00886732	
284	0.00966269	
285	0.0104371	
286	0.0111905	
287	0.0119153	
288	0.0126191	
289	0.0132867	
290	0.0139409	
291	0.0145703	
292	0.0151768	
293	0.0157567	
294	0.0163118	
295	0.0168496	
296	0.0173627	
297	0.0178586	
298	0.0183336	
299	0.0187875	
300	0.0192243	
301	0.0196401	
302	0.0200444	
303	0.0204355	
304	0.0208131	
305	0.0212365	
306	0.0215741	
307	0.0218621	
308	0.0221826	
309	0.0225087	
310	0.0228616	
311	0.0231897	
312	0.0234853	
313	0.0237714	
314	0.0240442	
315	0.0243131	
316	0.024563	
317	0.0248147	
318	0.0250379	
319	0.0253068	
320	0.0254823	
321	0.0257131	
322	0.0259343	
323	0.026148	
324	0.026354	
325	0.0266095	
326	0.0267926	
327	0.0269796	
328	0.0272352	
329	0.0274507	
330	0.0275594	
331	0.0276738	
332	0.0278188	
333	0.0279523	
334	0.0280896	
335	0.0282251	
336	0.0283529	
337	0.0284787	
338	0.0285512	
339	0.0286561	
340	0.0287706	
341	0.028885	
342	0.0289956	
343	0.0291539	
344	0.0292474	
345	0.0292798	
346	0.0294	
347	0.0294629	
348	0.0294725	
349	0.0295869	
350	0.029627	
351	0.0296823	
352	0.0297624	
353	0.0298692	
354	0.029936	
355	0.0299798	
356	0.0299989	
357	0.0300084	
358	0.0300542	
359	0.0301172	
360	0.0301477	