0	0.0218126	
1	0.0218259	
2	0.0218126	
3	0.0218145	
4	0.0218202	
5	0.0218297	
6	0.0218393	
7	0.0218145	
8	0.0218107	
9	0.0217897	
10	0.0217801	
11	0.0217687	
12	0.0217572	
13	0.0217496	
14	0.0217401	
15	0.0217286	
16	0.021721	
17	0.0217153	
18	0.0217038	
19	0.0216867	
20	0.0216733	
21	0.0216504	
22	0.0216295	
23	0.0216027	
24	0.0215741	
25	0.0215417	
26	0.0215074	
27	0.0214731	
28	0.0214368	
29	0.0213968	
30	0.0213491	
31	0.0213033	
32	0.0212499	
33	0.0211946	
34	0.0211393	
35	0.0210782	
36	0.0210115	
37	0.0209466	
38	0.0208722	
39	0.020794	
40	0.0207158	
41	0.0206281	
42	0.0205556	
43	0.020485	
44	0.020403	
45	0.0203191	
46	0.0202237	
47	0.0201284	
48	0.0200216	
49	0.019909	
50	0.0197889	
51	0.0196534	
52	0.0195142	
53	0.0193635	
54	0.0192052	
55	0.0190355	
56	0.0188504	
57	0.0186559	
58	0.0184518	
59	0.0182382	
60	0.0180074	
61	0.0177613	
62	0.017502	
63	0.0172273	
64	0.0169297	
65	0.016615	
66	0.0162793	
67	0.0159227	
68	0.0155411	
69	0.0151291	
70	0.0146943	
71	0.0142384	
72	0.0137501	
73	0.0132294	
74	0.0126706	
75	0.012085	
76	0.0114689	
77	0.0108204	
78	0.0101529	
79	0.00945288	
80	0.00874907	
81	0.00803	
82	0.00731471	
83	0.00660899	
84	0.00595859	
85	0.00535777	
86	0.00482944	
87	0.00439838	
88	0.00408748	
89	0.00390628	
90	0.00386812	
91	0.00396922	
92	0.00421146	
93	0.00458148	
94	0.00504497	
95	0.00559428	
96	0.00620654	
97	0.00685695	
98	0.00752643	
99	0.0082112	
100	0.00889212	
101	0.00955778	
102	0.010212	
103	0.0108338	
104	0.0114346	
105	0.0120164	
106	0.012558	
107	0.0130711	
108	0.013548	
109	0.0140057	
110	0.0144368	
111	0.0148411	
112	0.0152188	
113	0.0155678	
114	0.0159017	
115	0.0162107	
116	0.0165101	
117	0.0167829	
118	0.0170461	
119	0.017296	
120	0.0175287	
121	0.0177575	
122	0.0179712	
123	0.018181	
124	0.0183736	
125	0.0185586	
126	0.0187341	
127	0.0188981	
128	0.0190545	
129	0.0192052	
130	0.0193425	
131	0.0194741	
132	0.0196038	
133	0.0197259	
134	0.0198346	
135	0.0199414	
136	0.0200425	
137	0.0201398	
138	0.0202295	
139	0.0203191	
140	0.0204068	
141	0.020487	
142	0.020569	
143	0.0206414	
144	0.020712	
145	0.0207864	
146	0.0208627	
147	0.020939	
148	0.0210134	
149	0.0210859	
150	0.0211526	
151	0.0212175	
152	0.0212823	
153	0.0213376	
154	0.021391	
155	0.0214425	
156	0.0214959	
157	0.0215398	
158	0.0215856	
159	0.0216333	
160	0.0216733	
161	0.0217134	
162	0.0217439	
163	0.0217782	
164	0.0218087	
165	0.0218335	
166	0.0218564	
167	0.0218755	
168	0.0218908	
169	0.021906	
170	0.0219194	
171	0.0219308	
172	0.0219404	
173	0.0219461	
174	0.0219518	
175	0.0219594	
176	0.0219613	
177	0.0219613	
178	0.0219613	
179	0.0219575	
180	0.0219556	
181	0.0219518	
182	0.0219461	
183	0.0219423	
184	0.0219346	
185	0.0219365	
186	0.0219575	
187	0.0219232	
188	0.0219022	
189	0.0218869	
190	0.0218736	
191	0.0218621	
192	0.0218526	
193	0.0218107	
194	0.0217725	
195	0.021742	
196	0.0217115	
197	0.021679	
198	0.0216504	
199	0.0216142	
200	0.0215799	
201	0.0215379	
202	0.021494	
203	0.0214502	
204	0.0214158	
205	0.0213777	
206	0.0213434	
207	0.0213071	
208	0.0212651	
209	0.0212175	
210	0.0211641	
211	0.021103	
212	0.0210382	
213	0.0209657	
214	0.0208856	
215	0.0208055	
216	0.0207254	
217	0.0206453	
218	0.0205613	
219	0.0204793	
220	0.0203935	
221	0.0203058	
222	0.0202161	
223	0.0201207	
224	0.0200216	
225	0.0199167	
226	0.0197927	
227	0.0196592	
228	0.0195218	
229	0.0193826	
230	0.0192395	
231	0.0191041	
232	0.0190068	
233	0.0187875	
234	0.0185796	
235	0.0183755	
236	0.0181772	
237	0.0179673	
238	0.017748	
239	0.0175153	
240	0.0172693	
241	0.0170156	
242	0.0167543	
243	0.0164701	
244	0.0161706	
245	0.0158502	
246	0.0155068	
247	0.0151387	
248	0.0147496	
249	0.0143395	
250	0.0139046	
251	0.013445	
252	0.0129586	
253	0.0124589	
254	0.0119229	
255	0.011366	
256	0.0107995	
257	0.0102158	
258	0.00961119	
259	0.00900084	
260	0.00838476	
261	0.00775149	
262	0.0071049	
263	0.00648311	
264	0.00590137	
265	0.00538066	
266	0.00490192	
267	0.0045357	
268	0.00427821	
269	0.00413707	
270	0.00412562	
271	0.00422862	
272	0.00445369	
273	0.00477794	
274	0.00519183	
275	0.0056763	
276	0.0062218	
277	0.00680354	
278	0.00740626	
279	0.00802237	
280	0.00863844	
281	0.00925452	
282	0.00985533	
283	0.0104428	
284	0.0110036	
285	0.0115548	
286	0.0120774	
287	0.0125676	
288	0.0130311	
289	0.0134774	
290	0.0139008	
291	0.0143052	
292	0.0146809	
293	0.015049	
294	0.0154	
295	0.0157319	
296	0.0160447	
297	0.0163404	
298	0.0166188	
299	0.0168878	
300	0.0171376	
301	0.017378	
302	0.0176126	
303	0.0178376	
304	0.0180589	
305	0.0182725	
306	0.0184766	
307	0.0186769	
308	0.0188733	
309	0.0190583	
310	0.0192395	
311	0.0194188	
312	0.0195829	
313	0.0197107	
314	0.0198613	
315	0.019951	
316	0.0200464	
317	0.0201341	
318	0.0202199	
319	0.0203077	
320	0.020382	
321	0.0204679	
322	0.0205556	
323	0.0206376	
324	0.0207158	
325	0.0207978	
326	0.0208703	
327	0.020981	
328	0.021	
329	0.0210534	
330	0.0210897	
331	0.0211259	
332	0.0211641	
333	0.0212041	
334	0.0212384	
335	0.0212728	
336	0.0213014	
337	0.0213338	
338	0.0213643	
339	0.0213929	
340	0.0214235	
341	0.0214502	
342	0.0214731	
343	0.0214959	
344	0.0215284	
345	0.0215513	
346	0.0215818	
347	0.0216047	
348	0.0216314	
349	0.02166	
350	0.0216695	
351	0.021679	
352	0.0216924	
353	0.0217	
354	0.0216981	
355	0.0217038	
356	0.0216981	
357	0.0216924	
358	0.0216886	
359	0.0216848	
360	0.0216771	