0	0.0218278	
2	0.0217706	
4	0.0217115	
6	0.021639	
8	0.021536	
10	0.0214425	
12	0.0213434	
14	0.0212384	
16	0.0211107	
18	0.0209829	
20	0.0208665	
22	0.0207311	
24	0.0205289	
26	0.0203344	
28	0.0201494	
30	0.019951	
32	0.0197316	
34	0.0195123	
36	0.019333	
38	0.0190355	
40	0.0187799	
42	0.0185167	
44	0.018242	
46	0.0179464	
48	0.0176374	
50	0.0173036	
52	0.0169507	
54	0.0165712	
56	0.016163	
58	0.0157567	
60	0.0152569	
62	0.0147572	
64	0.014206	
66	0.0136052	
68	0.0129929	
70	0.0122128	
72	0.0114232	
74	0.0105591	
76	0.00961882	
78	0.00860029	
80	0.00750163	
82	0.00632861	
84	0.00509265	
86	0.00382425	
88	0.00260545	
90	0.00151635	
92	0.000665668	
94	0.000190736	
96	0.00016594	
98	0.000616077	
100	0.00151063	
102	0.00271989	
104	0.00410846	
106	0.00556949	
108	0.00704005	
110	0.00844961	
112	0.00975806	
114	0.0109616	
116	0.012064	
118	0.0130578	
120	0.0139714	
122	0.0148049	
124	0.0155526	
126	0.0162317	
128	0.0168439	
130	0.0173932	
132	0.0178872	
134	0.0183374	
136	0.0187436	
138	0.0191098	
140	0.0194494	
142	0.0197469	
144	0.0200349	
146	0.0202943	
148	0.020527	
150	0.0207349	
152	0.0209199	
154	0.0210763	
156	0.0212213	
158	0.0213701	
160	0.0214769	
162	0.0215493	
164	0.0216333	
166	0.0217019	
168	0.0217572	
170	0.0217935	
172	0.0218145	
174	0.0218145	
176	0.0218049	
178	0.0217935	
180	0.0217725	