0	0.0282861	
1	0.0282956	
2	0.0283433	
3	0.0283395	
4	0.0283471	
5	0.0283509	
6	0.0283624	
7	0.0283681	
8	0.0283605	
9	0.0283605	
10	0.0283433	
11	0.02833	
12	0.0282861	
13	0.0282651	
14	0.0282289	
15	0.0281698	
16	0.0281678	
17	0.0281621	
18	0.0280477	
19	0.0279752	
20	0.0279123	
21	0.0278131	
22	0.0277196	
23	0.0276262	
24	0.027546	
25	0.0274507	
26	0.0273706	
27	0.0271837	
28	0.0270444	
29	0.026909	
30	0.0267717	
31	0.0266114	
32	0.026457	
33	0.0262891	
34	0.0261232	
35	0.0259629	
36	0.0257913	
37	0.0255929	
38	0.0254041	
39	0.0251981	
40	0.0249826	
41	0.0247422	
42	0.0244981	
43	0.0242482	
44	0.0239965	
45	0.023739	
46	0.0234758	
47	0.0231992	
48	0.0229169	
49	0.022648	
50	0.0223523	
51	0.0220319	
52	0.0216943	
53	0.0213434	
54	0.020981	
55	0.0206109	
56	0.0202276	
57	0.0198117	
58	0.019394	
59	0.0189725	
60	0.0185243	
61	0.0180627	
62	0.0175935	
63	0.01709	
64	0.0165807	
65	0.0160524	
66	0.0155011	
67	0.0149232	
68	0.0143262	
69	0.0137177	
70	0.0130845	
71	0.0124188	
72	0.0117417	
73	0.0110493	
74	0.0103379	
75	0.00960928	
76	0.00885969	
77	0.00809294	
78	0.00732806	
79	0.00656131	
80	0.00579265	
81	0.00502208	
82	0.00431636	
83	0.00367166	
84	0.00294878	
85	0.00227739	
86	0.00170327	
87	0.0011406	
88	0.000701908	
89	0.00036812	
90	0.000143052	
91	3.62399E-5	
92	4.76839E-5	
93	0.000181199	
94	0.000431063	
95	0.000791553	
96	0.00123215	
97	0.00175858	
98	0.00235368	
99	0.00300981	
100	0.00370981	
101	0.00452617	
102	0.00534633	
103	0.00613597	
104	0.00693896	
105	0.00759318	
106	0.00835425	
107	0.00917631	
108	0.00997549	
109	0.0105897	
110	0.0110493	
111	0.0117264	
112	0.0123997	
113	0.013052	
114	0.0135995	
115	0.0142327	
116	0.0148068	
117	0.015421	
118	0.0159322	
119	0.016369	
120	0.0168763	
121	0.0172197	
122	0.0176488	
123	0.0180703	
124	0.0185186	
125	0.0189363	
126	0.0193712	
127	0.0197927	
128	0.0201932	
129	0.0205899	
130	0.0209619	
131	0.0213243	
132	0.0216714	
133	0.0219899	
134	0.0223008	
135	0.0226041	
136	0.0228921	
137	0.0231706	
138	0.0234357	
139	0.0236951	
140	0.0239488	
141	0.0241948	
142	0.0244218	
143	0.0246431	
144	0.0248605	
145	0.0250684	
146	0.0252725	
147	0.0254747	
148	0.0256654	
149	0.0258409	
150	0.0260087	
151	0.0261708	
152	0.0263215	
153	0.0264684	
154	0.0266076	
155	0.0267373	
156	0.0268689	
157	0.0270005	
158	0.0271245	
159	0.027239	
160	0.0273572	
161	0.0274602	
162	0.0275518	
163	0.0276357	
164	0.0277196	
165	0.0277997	
166	0.0278779	
167	0.0279752	
168	0.0280248	
169	0.0280973	
170	0.0281621	
171	0.0282155	
172	0.028309	
173	0.0283166	
174	0.0283643	
175	0.0283967	
176	0.0284253	
177	0.0284749	
178	0.0284902	
179	0.0284921	
180	0.0285074	
181	0.028536	
182	0.0285627	
183	0.0286103	
184	0.0285741	
185	0.028576	
186	0.0285608	
187	0.0285589	
188	0.0285474	
189	0.0285093	
190	0.0284768	
191	0.0284253	
192	0.0283872	
193	0.0282975	
194	0.0282899	
195	0.0282651	
196	0.0281907	
197	0.0281163	
198	0.0280439	
199	0.0279065	
200	0.0278245	
201	0.0277597	
202	0.0276281	
203	0.0275136	
204	0.0274087	
205	0.0272752	
206	0.027115	
207	0.0269853	
208	0.0268689	
209	0.0268041	
210	0.0266496	
211	0.0264169	
212	0.0262471	
213	0.0260755	
214	0.0258962	
215	0.025715	
216	0.0255281	
217	0.0254136	
218	0.0251275	
219	0.0248948	
220	0.0246774	
221	0.0244428	
222	0.0242215	
223	0.0240766	
224	0.0238134	
225	0.0234891	
226	0.0232545	
227	0.0229875	
228	0.0227224	
229	0.0223962	
230	0.0220243	
231	0.0216695	
232	0.0213205	
233	0.0210572	
234	0.0207063	
235	0.0203878	
236	0.019909	
237	0.0194951	
238	0.019087	
239	0.0186692	
240	0.0182363	
241	0.0178186	
242	0.017378	
243	0.0170213	
244	0.0165311	
245	0.0159665	
246	0.0154343	
247	0.0148755	
248	0.0143128	
249	0.013752	
250	0.0131131	
251	0.0125199	
252	0.0118237	
253	0.0111676	
254	0.0104695	
255	0.00974852	
256	0.009018	
257	0.00827986	
258	0.00751689	
259	0.00674441	
260	0.00597003	
261	0.00520709	
262	0.00445369	
263	0.00371553	
264	0.00300981	
265	0.00234224	
266	0.00172997	
267	0.00118447	
268	0.000726704	
269	0.00037575	
270	0.000141145	
271	3.05178E-5	
272	4.95913E-5	
273	0.000198365	
274	0.000471117	
275	0.000854496	
276	0.00133706	
277	0.00191117	
278	0.00254442	
279	0.00323297	
280	0.00395587	
281	0.00471309	
282	0.00549892	
283	0.00629428	
284	0.0070782	
285	0.00786406	
286	0.00864989	
287	0.00941664	
288	0.0101624	
289	0.0108643	
290	0.0115929	
291	0.0122796	
292	0.0129452	
293	0.0135861	
294	0.0142098	
295	0.0148087	
296	0.0153828	
297	0.015936	
298	0.0164682	
299	0.016987	
300	0.0174848	
301	0.0179693	
302	0.0184385	
303	0.0188886	
304	0.0193254	
305	0.0197431	
306	0.0201436	
307	0.0205232	
308	0.0208951	
309	0.0212556	
310	0.0216008	
311	0.0219346	
312	0.022257	
313	0.0225507	
314	0.0228635	
315	0.0231496	
316	0.0234224	
317	0.0236837	
318	0.0239393	
319	0.0241929	
320	0.0244008	
321	0.024664	
322	0.0248891	
323	0.0251046	
324	0.0253087	
325	0.0255014	
326	0.0256826	
327	0.0258657	
328	0.0260354	
329	0.0261956	
330	0.0263425	
331	0.0265046	
332	0.0266572	
333	0.0267984	
334	0.0269262	
335	0.027054	
336	0.0271722	
337	0.0272752	
338	0.0273763	
339	0.0274698	
340	0.0275556	
341	0.0276376	
342	0.0277101	
343	0.0277787	
344	0.0278398	
345	0.0279027	
346	0.0279828	
347	0.0280439	
348	0.0280992	
349	0.0281526	
350	0.0281793	
351	0.028227	
352	0.0282823	
353	0.0283185	
354	0.0283509	
355	0.0283815	
356	0.0284349	
357	0.0284749	
358	0.028494	
359	0.0285112	
360	0.0285283	