0	0.0225068	
2	0.0224649	
4	0.0224134	
6	0.0223562	
8	0.0222875	
10	0.0222074	
12	0.0221196	
14	0.0220128	
16	0.0218965	
18	0.0217687	
20	0.0216275	
22	0.0214731	
24	0.021309	
26	0.0211297	
28	0.0209352	
30	0.0207292	
32	0.0205137	
34	0.0202886	
36	0.0200559	
38	0.0198041	
40	0.0195676	
42	0.0192834	
44	0.0189725	
46	0.0186368	
48	0.0182782	
50	0.0179082	
52	0.0175039	
54	0.0169908	
56	0.016615	
58	0.0160905	
60	0.015461	
62	0.0148564	
64	0.014206	
66	0.013506	
68	0.0126839	
70	0.0118237	
72	0.0108662	
74	0.00991446	
76	0.00881964	
78	0.00761798	
80	0.00637057	
82	0.0050793	
84	0.00376131	
86	0.00252534	
88	0.00147439	
90	0.000715259	
92	0.000391008	
94	0.000534061	
96	0.00114251	
98	0.00212289	
100	0.00335504	
102	0.00475314	
104	0.00620082	
106	0.00761226	
108	0.0089646	
110	0.0102234	
112	0.0113869	
114	0.0124398	
116	0.0133935	
118	0.0142651	
120	0.0150624	
122	0.0157949	
124	0.0164586	
126	0.0170614	
128	0.0176088	
130	0.0181066	
132	0.0185567	
134	0.0189687	
136	0.0193444	
138	0.0196859	
140	0.0200063	
142	0.0203019	
144	0.0205709	
146	0.0208207	
148	0.0210458	
150	0.0212556	
152	0.0214387	
154	0.0216008	
156	0.0217572	
158	0.0218908	
160	0.0220109	
162	0.0221196	
164	0.0222169	
166	0.0223008	
168	0.0223676	
170	0.0224191	
172	0.0224591	
174	0.0224744	
176	0.0224935	
178	0.0224916	
180	0.0224839	