0	0.0277902	
1	0.027773	
2	0.027773	
3	0.0277673	
4	0.0276929	
5	0.0276223	
6	0.0275728	
7	0.027567	
8	0.0275689	
9	0.0273477	
10	0.0272371	
11	0.0271684	
12	0.0271302	
13	0.0270807	
14	0.0270311	
15	0.0269471	
16	0.0268518	
17	0.0267354	
18	0.0265924	
19	0.0264779	
20	0.0264131	
21	0.0262815	
22	0.0261575	
23	0.0260583	
24	0.0259343	
25	0.025818	
26	0.0257016	
27	0.0255662	
28	0.0254041	
29	0.0252935	
30	0.0251561	
31	0.0249635	
32	0.024788	
33	0.0246087	
34	0.0244352	
35	0.0242749	
36	0.0241452	
37	0.0239717	
38	0.0237905	
39	0.0236112	
40	0.02343	
41	0.0232297	
42	0.023018	
43	0.0228101	
44	0.0225984	
45	0.022379	
46	0.022154	
47	0.0219194	
48	0.0216829	
49	0.0214463	
50	0.0211946	
51	0.0209275	
52	0.0206758	
53	0.0203859	
54	0.020075	
55	0.0197793	
56	0.0194856	
57	0.019188	
58	0.0188676	
59	0.0185148	
60	0.0181905	
61	0.0178376	
62	0.0174619	
63	0.0170747	
64	0.0166761	
65	0.0162755	
66	0.0158578	
67	0.0154362	
68	0.0149861	
69	0.0145398	
70	0.0140706	
71	0.0135728	
72	0.0130654	
73	0.0125447	
74	0.0119782	
75	0.0114632	
76	0.0108948	
77	0.0102635	
78	0.00967604	
79	0.00909048	
80	0.00845915	
81	0.00781637	
82	0.00717357	
83	0.00651935	
84	0.00584796	
85	0.0051823	
86	0.00452998	
87	0.00388528	
88	0.00326349	
89	0.00266267	
90	0.00209428	
91	0.00157166	
92	0.00110627	
93	0.000719074	
94	0.00040436	
95	0.000200273	
96	6.2943E-5	
97	4.00546E-5	
98	0.000123979	
99	0.000318529	
100	0.000606541	
101	0.00100327	
102	0.00146867	
103	0.00201418	
104	0.00262262	
105	0.00326158	
106	0.00396731	
107	0.00471881	
108	0.00548366	
109	0.00623515	
110	0.00697139	
111	0.00772861	
112	0.00848395	
113	0.00920683	
114	0.00993735	
115	0.0106335	
116	0.0113507	
117	0.0120469	
118	0.0127011	
119	0.0133629	
120	0.0139733	
121	0.0145512	
122	0.0151177	
123	0.0156671	
124	0.0162069	
125	0.0167352	
126	0.017254	
127	0.0177728	
128	0.0181924	
129	0.0186063	
130	0.0190717	
131	0.0195066	
132	0.0199167	
133	0.0203058	
134	0.0206815	
135	0.0210305	
136	0.0214025	
137	0.0217305	
138	0.0220662	
139	0.0224096	
140	0.022709	
141	0.0230294	
142	0.0232965	
143	0.0235292	
144	0.0238172	
145	0.0240461	
146	0.0242654	
147	0.0244695	
148	0.0247136	
149	0.0249044	
150	0.0250951	
151	0.0252763	
152	0.0254174	
153	0.0255738	
154	0.0257283	
155	0.025879	
156	0.0260316	
157	0.0261651	
158	0.0262681	
159	0.0264455	
160	0.0265561	
161	0.0266858	
162	0.0267793	
163	0.0268689	
164	0.0269548	
165	0.0270425	
166	0.0271302	
167	0.0271569	
168	0.0272084	
169	0.027279	
170	0.0273153	
171	0.0273572	
172	0.0274106	
173	0.0274469	
174	0.0274736	
175	0.0274984	
176	0.0275289	
177	0.0275346	
178	0.0275422	
179	0.0275441	
180	0.027548	
181	0.0275422	
182	0.027527	
183	0.0275117	
184	0.0274869	
185	0.027464	
186	0.0274392	
187	0.0274087	
188	0.0273591	
189	0.0273172	
190	0.0272599	
191	0.0272104	
192	0.0271436	
193	0.0270845	
194	0.0270101	
195	0.0269319	
196	0.0268499	
197	0.0267602	
198	0.0266534	
199	0.0265561	
200	0.0264436	
201	0.026354	
202	0.0262376	
203	0.0260488	
204	0.0259534	
205	0.0258142	
206	0.0256845	
207	0.0255567	
208	0.0254251	
209	0.0252839	
210	0.025139	
211	0.0249902	
212	0.0248243	
213	0.024664	
214	0.0244924	
215	0.0243207	
216	0.0241395	
217	0.0239469	
218	0.0237714	
219	0.0235864	
220	0.0233556	
221	0.0231324	
222	0.0228864	
223	0.0226671	
224	0.0224649	
225	0.0222589	
226	0.0220491	
227	0.0217859	
228	0.0215188	
229	0.0212671	
230	0.0210057	
231	0.0207387	
232	0.0204507	
233	0.0201665	
234	0.0198957	
235	0.0196115	
236	0.0193292	
237	0.0190183	
238	0.0186845	
239	0.018345	
240	0.017996	
241	0.0176412	
242	0.0172693	
243	0.0168878	
244	0.0165044	
245	0.0161268	
246	0.0157167	
247	0.0153409	
248	0.0148965	
249	0.0144196	
250	0.0139104	
251	0.0134183	
252	0.0129128	
253	0.0123959	
254	0.0118561	
255	0.0113297	
256	0.0107728	
257	0.0101967	
258	0.00959784	
259	0.00900465	
260	0.00837523	
261	0.00774196	
262	0.007103	
263	0.0064564	
264	0.005806	
265	0.00514796	
266	0.00448993	
267	0.00384142	
268	0.0032139	
269	0.00260927	
270	0.00204088	
271	0.00151826	
272	0.00106049	
273	0.000675205	
274	0.00036812	
275	0.000152589	
276	3.81472E-5	
277	3.05178E-5	
278	0.000125886	
279	0.000328066	
280	0.000621799	
281	0.00101281	
282	0.00148583	
283	0.00203325	
284	0.00264169	
285	0.00329973	
286	0.00399974	
287	0.00473407	
288	0.00548747	
289	0.00623325	
290	0.00698474	
291	0.00774196	
292	0.00848967	
293	0.009224	
294	0.00994688	
295	0.0106545	
296	0.0113412	
297	0.0120144	
298	0.0126591	
299	0.0132847	
300	0.0138932	
301	0.0144883	
302	0.0150643	
303	0.0156212	
304	0.0161649	
305	0.0166894	
306	0.0171911	
307	0.0176698	
308	0.0181314	
309	0.0185815	
310	0.0190164	
311	0.0194322	
312	0.0198327	
313	0.0202295	
314	0.0206033	
315	0.0209581	
316	0.021309	
317	0.0216619	
318	0.0219899	
319	0.0223104	
320	0.0226156	
321	0.022915	
322	0.0232087	
323	0.0234624	
324	0.0237314	
325	0.0239965	
326	0.024233	
327	0.0244924	
328	0.024685	
329	0.0248986	
330	0.0250894	
331	0.0252744	
332	0.0254632	
333	0.0256273	
334	0.0257894	
335	0.0258924	
336	0.0260202	
337	0.0261861	
338	0.0262872	
339	0.0264512	
340	0.0265237	
341	0.0266057	
342	0.0266858	
343	0.0267812	
344	0.0268728	
345	0.0269147	
346	0.0269796	
347	0.027052	
348	0.0271093	
349	0.0271569	
350	0.0271932	
351	0.0272256	
352	0.0272504	
353	0.0272714	
354	0.0272981	
355	0.0273401	
356	0.0273877	
357	0.0273973	
358	0.0274106	
359	0.0274049	
360	0.027403	