0	0.0212384	
2	0.021166	
4	0.0210763	
6	0.0209848	
8	0.0208799	
10	0.0207616	
12	0.0206319	
14	0.0204812	
16	0.020321	
18	0.0201455	
20	0.0199662	
22	0.0197755	
24	0.0195771	
26	0.0193635	
28	0.0191423	
30	0.018921	
32	0.0186902	
34	0.0184652	
36	0.0182325	
38	0.0180265	
40	0.0177804	
42	0.0175153	
44	0.0172712	
46	0.0170041	
48	0.0167009	
50	0.0164109	
52	0.0161058	
54	0.0157834	
56	0.0154477	
58	0.0150891	
60	0.0147133	
62	0.01433	
64	0.0139027	
66	0.0134163	
68	0.0129052	
70	0.0123692	
72	0.0117798	
74	0.0111371	
76	0.0104085	
78	0.00965124	
80	0.00876623	
82	0.00783163	
84	0.00682643	
86	0.00573733	
88	0.00461581	
90	0.00348283	
92	0.00239564	
94	0.00144006	
96	0.000722889	
98	0.000331881	
100	0.000362398	
102	0.000841144	
104	0.0017376	
106	0.0029278	
108	0.00430682	
110	0.00577167	
112	0.00721553	
114	0.00857931	
116	0.0098725	
118	0.0110779	
120	0.0121804	
122	0.0131932	
124	0.0140954	
126	0.0149346	
128	0.0156728	
130	0.0163327	
132	0.0169259	
134	0.0174695	
136	0.017996	
138	0.0184251	
140	0.0188428	
142	0.0191804	
144	0.0194856	
146	0.0197545	
148	0.0200044	
150	0.0202047	
152	0.020424	
154	0.0206262	
156	0.0208207	
158	0.0209619	
160	0.0211049	
162	0.0212022	
164	0.0212747	
166	0.0213319	
168	0.0213815	
170	0.0214235	
172	0.0214463	
174	0.0214521	
176	0.0214635	
178	0.0214044	
180	0.0213414	