0	0.0192453	
2	0.0192567	
4	0.0192815	
6	0.0193063	
8	0.0193578	
10	0.0194284	
12	0.0195123	
14	0.0195886	
16	0.0196592	
18	0.0197183	
20	0.019787	
22	0.0198423	
24	0.0198957	
26	0.0199376	
28	0.0199662	
30	0.0199643	
32	0.0199643	
34	0.0199395	
36	0.0199167	
38	0.0198804	
40	0.0198289	
42	0.0197603	
44	0.0196725	
46	0.01956	
48	0.0194322	
50	0.0192758	
52	0.019087	
54	0.0188886	
56	0.0186483	
58	0.0183793	
60	0.018097	
62	0.0177671	
64	0.0174028	
66	0.0169965	
68	0.0165426	
70	0.0160524	
72	0.0155182	
74	0.014946	
76	0.0143376	
78	0.0137044	
80	0.0130635	
82	0.0124207	
84	0.0118104	
86	0.0112668	
88	0.0108529	
90	0.0105973	
92	0.0105286	
94	0.010664	
96	0.0109845	
98	0.0114213	
100	0.011961	
102	0.012558	
104	0.0131894	
106	0.0138188	
108	0.0144272	
110	0.0149937	
112	0.0155163	
114	0.0159913	
116	0.0164319	
118	0.0168153	
120	0.0171567	
122	0.0174657	
124	0.0177366	
126	0.0179902	
128	0.0182439	
130	0.0184842	
132	0.0186902	
134	0.0188485	
136	0.0189954	
138	0.019106	
140	0.0192071	
142	0.0192872	
144	0.0193635	
146	0.0194265	
148	0.0194627	
150	0.0194761	
152	0.0194818	
154	0.0194589	
156	0.019436	
158	0.019415	
160	0.0193959	
162	0.0193731	
164	0.0193444	
166	0.0193158	
168	0.0193025	
170	0.0192834	
172	0.0192701	
174	0.0192643	
176	0.0192701	
178	0.0192891	
180	0.0193158	