0	0.0109482	
1	0.010973	
2	0.0109978	
3	0.0110226	
4	0.0110608	
5	0.0110913	
6	0.0111447	
7	0.0111924	
8	0.011263	
9	0.0113545	
10	0.0114194	
11	0.011509	
12	0.0115662	
13	0.0116826	
14	0.0117837	
15	0.0118695	
16	0.0119801	
17	0.0120812	
18	0.0121842	
19	0.0122853	
20	0.0123921	
21	0.0125008	
22	0.0125695	
23	0.0126744	
24	0.0127602	
25	0.0128384	
26	0.0129109	
27	0.012991	
28	0.0130749	
29	0.0131436	
30	0.0132123	
31	0.0132733	
32	0.0133134	
33	0.0133706	
34	0.0134125	
35	0.0134926	
36	0.0135193	
37	0.0135327	
38	0.013546	
39	0.0135384	
40	0.0135365	
41	0.0134984	
42	0.0134812	
43	0.0134469	
44	0.0133801	
45	0.0133401	
46	0.0132542	
47	0.0131856	
48	0.0131055	
49	0.0130158	
50	0.0129338	
51	0.0128327	
52	0.0127125	
53	0.0125847	
54	0.0124512	
55	0.0122758	
56	0.0121327	
57	0.0119782	
58	0.0118333	
59	0.0116559	
60	0.0115033	
61	0.0112935	
62	0.0111027	
63	0.0109139	
64	0.0107232	
65	0.010542	
66	0.010315	
67	0.0101224	
68	0.00992018	
69	0.00971037	
70	0.00951201	
71	0.00930601	
72	0.00909621	
73	0.00888258	
74	0.00868994	
75	0.00848585	
76	0.00831801	
77	0.00813109	
78	0.00794798	
79	0.0077782	
80	0.0076237	
81	0.00747874	
82	0.00733188	
83	0.0072079	
84	0.00708964	
85	0.00699237	
86	0.00691608	
87	0.00682834	
88	0.00677112	
89	0.00671771	
90	0.00669864	
91	0.00667384	
92	0.00668719	
93	0.00669482	
94	0.00673297	
95	0.00678447	
96	0.00685886	
97	0.00694278	
98	0.00703815	
99	0.00713161	
100	0.00726131	
101	0.00737956	
102	0.00749972	
103	0.00765041	
104	0.00781637	
105	0.00798422	
106	0.00814635	
107	0.00831801	
108	0.00851637	
109	0.00869566	
110	0.00887114	
111	0.00907141	
112	0.0092507	
113	0.00944716	
114	0.00962645	
115	0.00982291	
116	0.010027	
117	0.0102292	
118	0.0104046	
119	0.0105763	
120	0.0107537	
121	0.0109196	
122	0.0110779	
123	0.0112572	
124	0.0114136	
125	0.0115719	
126	0.0117055	
127	0.0118542	
128	0.0120011	
129	0.0121346	
130	0.0122567	
131	0.012354	
132	0.0124894	
133	0.0125771	
134	0.0126877	
135	0.0127698	
136	0.0128499	
137	0.0129204	
138	0.0129891	
139	0.0130387	
140	0.0130768	
141	0.0131264	
142	0.0131741	
143	0.0131684	
144	0.0131951	
145	0.0131875	
146	0.0132447	
147	0.013218	
148	0.0132294	
149	0.0132294	
150	0.0132084	
151	0.013176	
152	0.0131627	
153	0.0131112	
154	0.0130711	
155	0.0130387	
156	0.0129986	
157	0.0129834	
158	0.0129166	
159	0.0128785	
160	0.0128327	
161	0.0127869	
162	0.0127183	
163	0.0126515	
164	0.0125828	
165	0.0125218	
166	0.0124856	
167	0.0124112	
168	0.0123711	
169	0.0123406	
170	0.0122758	
171	0.0122204	
172	0.0122128	
173	0.0121747	
174	0.0121556	
175	0.0121422	
176	0.0121327	
177	0.0121251	
178	0.0121365	
179	0.0121365	
180	0.0121556	
181	0.0121728	
182	0.0121995	
183	0.0122262	
184	0.0122758	
185	0.0122891	
186	0.0123349	
187	0.0123921	
188	0.0124665	
189	0.0125161	
190	0.0125752	
191	0.0126591	
192	0.012724	
193	0.0128346	
194	0.012888	
195	0.0129529	
196	0.0130444	
197	0.0131112	
198	0.0132027	
199	0.0132943	
200	0.013321	
201	0.0133381	
202	0.0134545	
203	0.0136967	
204	0.0137501	
205	0.0137997	
206	0.0137253	
207	0.0137253	
208	0.013773	
209	0.013855	
210	0.0138932	
211	0.013918	
212	0.0139561	
213	0.0139695	
214	0.0139943	
215	0.0140076	
216	0.0139981	
217	0.0140038	
218	0.0139924	
219	0.0139714	
220	0.0139828	
221	0.0139599	
222	0.0139161	
223	0.0138665	
224	0.0138283	
225	0.0137501	
226	0.0137005	
227	0.0136262	
228	0.0135098	
229	0.0134526	
230	0.0133534	
231	0.0132275	
232	0.0131436	
233	0.0130158	
234	0.0128766	
235	0.0127545	
236	0.0126191	
237	0.0124703	
238	0.0123158	
239	0.0121632	
240	0.0119877	
241	0.0118256	
242	0.0116444	
243	0.011467	
244	0.0112992	
245	0.0111104	
246	0.0109368	
247	0.0107461	
248	0.0105382	
249	0.0103627	
250	0.0101567	
251	0.00995642	
252	0.00976378	
253	0.00957495	
254	0.00938994	
255	0.00919729	
256	0.00900656	
257	0.00883299	
258	0.00866133	
259	0.00848585	
260	0.00831419	
261	0.00816733	
262	0.00801665	
263	0.00787359	
264	0.00775149	
265	0.00763324	
266	0.00753406	
267	0.00743297	
268	0.00735286	
269	0.0072861	
270	0.00722125	
271	0.00718692	
272	0.00715831	
273	0.00715449	
274	0.00716785	
275	0.0071812	
276	0.00721171	
277	0.00726703	
278	0.0073376	
279	0.00740626	
280	0.00749972	
281	0.007597	
282	0.00771144	
283	0.00783736	
284	0.00796133	
285	0.00809675	
286	0.00824362	
287	0.00840956	
288	0.00857741	
289	0.00873762	
290	0.00892454	
291	0.00911146	
292	0.00928694	
293	0.00948149	
294	0.00966269	
295	0.00982291	
296	0.0100232	
297	0.0102101	
298	0.0104008	
299	0.0105897	
300	0.0107728	
301	0.0109501	
302	0.0111199	
303	0.0113068	
304	0.0114556	
305	0.0116025	
306	0.0117798	
307	0.0119229	
308	0.012045	
309	0.0121766	
310	0.0123177	
311	0.0124245	
312	0.0125352	
313	0.0126343	
314	0.0127793	
315	0.0128461	
316	0.0128937	
317	0.0129376	
318	0.0129986	
319	0.0130673	
320	0.0131188	
321	0.0131302	
322	0.0131646	
323	0.0131741	
324	0.013176	
325	0.0132104	
326	0.0131779	
327	0.0131684	
328	0.0131302	
329	0.0131074	
330	0.0130902	
331	0.0130292	
332	0.0129796	
333	0.0129204	
334	0.0128632	
335	0.0127965	
336	0.0127202	
337	0.0126515	
338	0.0125733	
339	0.0124932	
340	0.0124169	
341	0.0123463	
342	0.0122529	
343	0.0121804	
344	0.012085	
345	0.0119916	
346	0.0119038	
347	0.0118199	
348	0.0117055	
349	0.011633	
350	0.0115452	
351	0.0114823	
352	0.011406	
353	0.0113278	
354	0.0112725	
355	0.0112229	
356	0.0111828	
357	0.0111352	
358	0.0111046	
359	0.0110875	
360	0.0110875	