0	0.0245019	
1	0.0245324	
2	0.0245534	
3	0.0245954	
4	0.0245954	
5	0.0246564	
6	0.0247289	
7	0.0248128	
8	0.0249158	
9	0.0250856	
10	0.0252057	
11	0.0252897	
12	0.0254174	
13	0.0255529	
14	0.0256921	
15	0.0258523	
16	0.0259973	
17	0.026127	
18	0.0262719	
19	0.0264455	
20	0.0265981	
21	0.0267392	
22	0.0268766	
23	0.027012	
24	0.0271417	
25	0.0272695	
26	0.0273954	
27	0.0275289	
28	0.0276357	
29	0.0277349	
30	0.0278245	
31	0.0278989	
32	0.0279943	
33	0.0280477	
34	0.028103	
35	0.0281526	
36	0.0282003	
37	0.0282327	
38	0.028267	
39	0.0282918	
40	0.0283109	
41	0.028309	
42	0.0283185	
43	0.0282747	
44	0.0282403	
45	0.0281736	
46	0.0280954	
47	0.028082	
48	0.0279733	
49	0.0279351	
50	0.0277635	
51	0.0276681	
52	0.0275575	
53	0.0273954	
54	0.0272905	
55	0.0270921	
56	0.0269071	
57	0.0267202	
58	0.0265886	
59	0.0263387	
60	0.0261365	
61	0.0259267	
62	0.0256559	
63	0.0254174	
64	0.0251924	
65	0.024933	
66	0.0247442	
67	0.0244294	
68	0.0241605	
69	0.0238954	
70	0.0236017	
71	0.0232888	
72	0.0229894	
73	0.0226594	
74	0.0223638	
75	0.0219995	
76	0.0217096	
77	0.0214521	
78	0.0211641	
79	0.0208417	
80	0.0205251	
81	0.0203038	
82	0.0200616	
83	0.0197603	
84	0.0195829	
85	0.0193979	
86	0.0192281	
87	0.0190564	
88	0.0189458	
89	0.0188428	
90	0.0188085	
91	0.018736	
92	0.0188047	
93	0.0188123	
94	0.0188257	
95	0.0189077	
96	0.0189782	
97	0.0192205	
98	0.0194017	
99	0.0196592	
100	0.0197221	
101	0.0199586	
102	0.020218	
103	0.0204946	
104	0.0207292	
105	0.0210325	
106	0.0213014	
107	0.0215799	
108	0.021866	
109	0.0221597	
110	0.0224591	
111	0.0227376	
112	0.0230199	
113	0.0232946	
114	0.0235692	
115	0.0238401	
116	0.0240995	
117	0.0243493	
118	0.0246011	
119	0.0248319	
120	0.0250551	
121	0.0252572	
122	0.0254823	
123	0.0256864	
124	0.0258905	
125	0.0260507	
126	0.0262185	
127	0.0263711	
128	0.026539	
129	0.026661	
130	0.0267907	
131	0.0269071	
132	0.0270082	
133	0.0271131	
134	0.0271932	
135	0.0272733	
136	0.0273343	
137	0.0273992	
138	0.0274469	
139	0.0274888	
140	0.0275155	
141	0.0275403	
142	0.027546	
143	0.0275556	
144	0.0275575	
145	0.0275365	
146	0.0275022	
147	0.0274926	
148	0.0274659	
149	0.027424	
150	0.0273706	
151	0.0273153	
152	0.027258	
153	0.0272008	
154	0.0271283	
155	0.0271455	
156	0.027052	
157	0.0268918	
158	0.0267774	
159	0.0266916	
160	0.0265847	
161	0.0264608	
162	0.0263749	
163	0.0262777	
164	0.0261823	
165	0.0261079	
166	0.0260049	
167	0.0259	
168	0.0258313	
169	0.025757	
170	0.0256711	
171	0.0256006	
172	0.025551	
173	0.0254823	
174	0.0254441	
175	0.0253888	
176	0.0253717	
177	0.0253717	
178	0.0253907	
179	0.0253984	
180	0.0254174	
181	0.0254213	
182	0.025467	
183	0.0254995	
184	0.0255529	
185	0.0256025	
186	0.0256597	
187	0.0258123	
188	0.0264608	
189	0.0265714	
190	0.0263387	
191	0.0260946	
192	0.0261441	
193	0.0262777	
194	0.0263978	
195	0.026518	
196	0.026579	
197	0.026724	
198	0.0268403	
199	0.0269834	
200	0.0270787	
201	0.0272256	
202	0.0273458	
203	0.0274774	
204	0.027567	
205	0.0276624	
206	0.0277749	
207	0.0278512	
208	0.027939	
209	0.0280248	
210	0.028103	
211	0.0281774	
212	0.0282327	
213	0.0282823	
214	0.0283223	
215	0.0283796	
216	0.028412	
217	0.0284406	
218	0.0284578	
219	0.0284597	
220	0.0284463	
221	0.0284463	
222	0.0284024	
223	0.0283815	
224	0.0283204	
225	0.0282232	
226	0.0281831	
227	0.0281068	
228	0.0280687	
229	0.0279905	
230	0.0278589	
231	0.0276872	
232	0.0276166	
233	0.0275651	
234	0.0274411	
235	0.0272943	
236	0.0271074	
237	0.0269719	
238	0.0267678	
239	0.0265714	
240	0.0263768	
241	0.0261728	
242	0.025961	
243	0.0257608	
244	0.0255376	
245	0.0253049	
246	0.0250703	
247	0.0248281	
248	0.0245839	
249	0.0243264	
250	0.024067	
251	0.0237905	
252	0.0235234	
253	0.0232373	
254	0.0229493	
255	0.0226651	
256	0.0223886	
257	0.022112	
258	0.0218297	
259	0.0215513	
260	0.0212842	
261	0.0210191	
262	0.0207788	
263	0.0205327	
264	0.0203134	
265	0.0201074	
266	0.01993	
267	0.0197641	
268	0.0196191	
269	0.0194989	
270	0.0194207	
271	0.0193559	
272	0.0193368	
273	0.0193387	
274	0.0193864	
275	0.0194494	
276	0.0195447	
277	0.0196725	
278	0.0198327	
279	0.0200177	
280	0.0202085	
281	0.0204126	
282	0.0206472	
283	0.0208894	
284	0.0211469	
285	0.021412	
286	0.0216962	
287	0.0219785	
288	0.0222589	
289	0.0225374	
290	0.0228273	
291	0.0231153	
292	0.0233938	
293	0.0236722	
294	0.023945	
295	0.0242101	
296	0.0244771	
297	0.0247365	
298	0.0250036	
299	0.0252267	
300	0.0254556	
301	0.0257074	
302	0.025879	
303	0.026064	
304	0.0262491	
305	0.0264283	
306	0.0266057	
307	0.0267717	
308	0.0269243	
309	0.0270711	
310	0.0271989	
311	0.0273172	
312	0.0274259	
313	0.0275327	
314	0.0276281	
315	0.0277005	
316	0.0277559	
317	0.027815	
318	0.0278531	
319	0.0278913	
320	0.0279237	
321	0.0279313	
322	0.0279351	
323	0.0279428	
324	0.0279275	
325	0.0279027	
326	0.0278722	
327	0.0278322	
328	0.0277921	
329	0.0277387	
330	0.0276738	
331	0.0276071	
332	0.0275556	
333	0.0275422	