0	0.0220624	
2	0.0220224	
4	0.0219632	
6	0.0219041	
8	0.0218374	
10	0.0217324	
12	0.0216256	
14	0.0215074	
16	0.0213834	
18	0.0212442	
20	0.0210992	
22	0.0209409	
24	0.0207959	
26	0.0206128	
28	0.0204126	
30	0.0202352	
32	0.0200101	
34	0.0197927	
36	0.0195733	
38	0.0193197	
40	0.0190717	
42	0.018839	
44	0.0185415	
46	0.0182439	
48	0.0179273	
50	0.0175802	
52	0.0172082	
54	0.0168115	
56	0.0163957	
58	0.0159417	
60	0.0154458	
62	0.0149193	
64	0.0143338	
66	0.0136948	
68	0.012991	
70	0.0122395	
72	0.0114174	
74	0.0105057	
76	0.00949866	
78	0.008421	
80	0.00727275	
82	0.00604823	
84	0.00475505	
86	0.00345422	
88	0.00224306	
90	0.00119592	
92	0.000455858	
94	0.000146867	
96	0.000324251	
98	0.000972752	
100	0.0020218	
102	0.00335123	
104	0.00480083	
106	0.00631145	
108	0.00775722	
110	0.00919157	
112	0.0104523	
114	0.0116139	
116	0.012661	
118	0.0136166	
120	0.0144864	
122	0.0152722	
124	0.0159761	
126	0.0166169	
128	0.0171968	
130	0.0177137	
132	0.0181867	
134	0.0186082	
136	0.0190107	
138	0.0193788	
140	0.0197126	
142	0.0200082	
144	0.0202543	
146	0.0204812	
148	0.0206968	
150	0.020897	
152	0.0210801	
154	0.0212461	
156	0.0214177	
158	0.0215665	
160	0.0216886	
162	0.0218011	
164	0.0218774	
166	0.021948	
168	0.021988	
170	0.0220472	
172	0.0220796	
174	0.0220891	
176	0.0220948	
178	0.0220815	
180	0.0220453	