0	0.023533	
2	0.0235158	
4	0.023491	
6	0.0234643	
8	0.0234319	
10	0.0233823	
12	0.0233499	
14	0.0233842	
16	0.0234052	
18	0.0233918	
20	0.0233518	
22	0.0233442	
24	0.0232412	
26	0.0230924	
28	0.0229322	
30	0.0227453	
32	0.0225278	
34	0.022297	
36	0.0220491	
38	0.0218602	
40	0.0216638	
42	0.0214578	
44	0.0212289	
46	0.0209714	
48	0.0207158	
50	0.0204049	
52	0.0200788	
54	0.0197183	
56	0.0193139	
58	0.0188714	
60	0.0183812	
62	0.0178376	
64	0.0172273	
66	0.016533	
68	0.0157415	
70	0.014906	
72	0.013958	
74	0.012848	
76	0.0115891	
78	0.0101262	
80	0.00848204	
82	0.0066891	
84	0.00484088	
86	0.00314905	
88	0.00197984	
90	0.00160599	
92	0.00212862	
94	0.00335886	
96	0.00498012	
98	0.0067406	
100	0.00852782	
102	0.0101987	
104	0.0117093	
106	0.0130292	
108	0.0141945	
110	0.0152226	
112	0.0161287	
114	0.0169069	
116	0.0175954	
118	0.0182153	
120	0.0187703	
122	0.0192739	
124	0.0197183	
126	0.0201226	
128	0.0204908	
130	0.0208303	
132	0.0211202	
134	0.0213948	
136	0.0216676	
138	0.0219518	
140	0.0222169	
142	0.0224458	
144	0.022648	
146	0.0227929	
148	0.0229303	
150	0.0230371	
152	0.0231229	
154	0.0231897	
156	0.023266	
158	0.0233327	
160	0.0233861	
162	0.023409	
164	0.0234052	
166	0.0233804	
168	0.023367	
170	0.0234147	
172	0.0234338	
174	0.0237848	
176	0.0235101	
178	0.0234987	
180	0.0235139	