0	0.0206319	
1	0.0205785	
2	0.0205308	
3	0.0204622	
4	0.0203878	
5	0.0203248	
6	0.0202905	
7	0.020197	
8	0.0201532	
9	0.0200101	
10	0.0199186	
11	0.0198442	
12	0.0197641	
13	0.0196763	
14	0.0195848	
15	0.0194894	
16	0.0193864	
17	0.0192872	
18	0.0192033	
19	0.0191118	
20	0.0190374	
21	0.0189935	
22	0.0188752	
23	0.0187799	
24	0.0186635	
25	0.0186044	
26	0.0185033	
27	0.0184137	
28	0.0183393	
29	0.0182668	
30	0.0181867	
31	0.0181085	
32	0.0180207	
33	0.0179464	
34	0.0178796	
35	0.0178052	
36	0.0177366	
37	0.0176698	
38	0.0175897	
39	0.0175306	
40	0.0174657	
41	0.0174161	
42	0.0173112	
43	0.0172769	
44	0.0172006	
45	0.0171376	
46	0.0170671	
47	0.0169793	
48	0.0169221	
49	0.0168458	
50	0.0167524	
51	0.0166856	
52	0.0166017	
53	0.016512	
54	0.0164281	
55	0.016308	
56	0.0162011	
57	0.0160962	
58	0.0159684	
59	0.0158445	
60	0.0157109	
61	0.015564	
62	0.0154172	
63	0.015255	
64	0.0150872	
65	0.0149041	
66	0.014721	
67	0.0145512	
68	0.0143414	
69	0.0141621	
70	0.0139542	
71	0.0137272	
72	0.0134812	
73	0.0132123	
74	0.0129414	
75	0.0126534	
76	0.0123387	
77	0.0120144	
78	0.0116749	
79	0.0113068	
80	0.0109425	
81	0.0105496	
82	0.0101414	
83	0.00972944	
84	0.00929838	
85	0.00885206	
86	0.00838858	
87	0.00792891	
88	0.00745395	
89	0.00696185	
90	0.00646594	
91	0.00597003	
92	0.00549129	
93	0.0050278	
94	0.00457767	
95	0.00415805	
96	0.00376131	
97	0.00339891	
98	0.00307085	
99	0.00278856	
100	0.00255968	
101	0.00238802	
102	0.0022793	
103	0.00224306	
104	0.00227739	
105	0.00238802	
106	0.00256731	
107	0.00280572	
108	0.00311281	
109	0.0034733	
110	0.00386049	
111	0.00428012	
112	0.00476268	
113	0.00526813	
114	0.00580981	
115	0.00634959	
116	0.006897	
117	0.00746921	
118	0.00804716	
119	0.00860602	
120	0.00915915	
121	0.00970656	
122	0.0102444	
123	0.0107823	
124	0.0113011	
125	0.0118161	
126	0.0123082	
127	0.0128022	
128	0.0132676	
129	0.0137215	
130	0.0141793	
131	0.0146428	
132	0.0151044	
133	0.015545	
134	0.0159436	
135	0.0164129	
136	0.0167524	
137	0.0170442	
138	0.0173589	
139	0.0176812	
140	0.0180093	
141	0.0183336	
142	0.0186464	
143	0.0189248	
144	0.0191861	
145	0.0194074	
146	0.0196019	
147	0.019787	
148	0.0199834	
149	0.0202008	
150	0.0204259	
151	0.0206319	
152	0.0208169	
153	0.0209638	
154	0.0210992	
155	0.0212175	
156	0.0213319	
157	0.0214273	
158	0.0215093	
159	0.0215818	
160	0.0216295	
161	0.0216619	
162	0.0217096	
163	0.0217572	
164	0.0218126	
165	0.0218316	
166	0.0218431	
167	0.0218297	
168	0.0218183	
169	0.0218412	
170	0.0218717	
171	0.0219098	
172	0.0219442	
173	0.0219651	
174	0.0219861	
175	0.0219003	
176	0.0217935	
177	0.0217592	
178	0.0217172	
179	0.0216657	
180	0.0216256	
181	0.0215703	
182	0.0215055	
183	0.0214406	
184	0.0213701	
185	0.0212919	
186	0.0212117	
187	0.0211278	
188	0.0210401	
189	0.0209409	
190	0.0208532	
191	0.0207673	
192	0.0206739	
193	0.0205842	
194	0.0204831	
195	0.0203878	
196	0.0202943	
197	0.020197	
198	0.0200979	
199	0.0200025	
200	0.0199109	
201	0.0198175	
202	0.0197259	
203	0.019621	
204	0.0195428	
205	0.0194513	
206	0.0193597	
207	0.019291	
208	0.0192147	
209	0.0191365	
210	0.0190564	
211	0.0189687	
212	0.0189191	
213	0.0188676	
214	0.0188218	
215	0.0187703	
216	0.0187303	
217	0.0186788	
218	0.0186425	
219	0.0185872	
220	0.0185395	
221	0.0184861	
222	0.0184327	
223	0.0183793	
224	0.018324	
225	0.0182649	
226	0.0182039	
227	0.0181409	
228	0.0180722	
229	0.0179979	
230	0.0179235	
231	0.0178415	
232	0.0177556	
233	0.0176622	
234	0.0175611	
235	0.01746	
236	0.0173494	
237	0.0172426	
238	0.0171186	
239	0.0169812	
240	0.0168287	
241	0.0166932	
242	0.0165311	
243	0.0163633	
244	0.016184	
245	0.0159837	
246	0.0157834	
247	0.0155678	
248	0.0153428	
249	0.0151024	
250	0.0148488	
251	0.014576	
252	0.0142956	
253	0.0139981	
254	0.0136815	
255	0.0133668	
256	0.0130253	
257	0.0126649	
258	0.012291	
259	0.0119095	
260	0.0115052	
261	0.0110798	
262	0.0106488	
263	0.0102063	
264	0.0097428	
265	0.00926596	
266	0.00877959	
267	0.00829321	
268	0.0077801	
269	0.00725177	
270	0.00672534	
271	0.00620082	
272	0.00568965	
273	0.00516513	
274	0.00466159	
275	0.00419429	
276	0.0037594	
277	0.00335695	
278	0.00299455	
279	0.00267793	
280	0.00242426	
281	0.00222589	
282	0.00209428	
283	0.00203134	
284	0.0020466	
285	0.00212862	
286	0.00228693	
287	0.00251581	
288	0.00280954	
289	0.00316049	
290	0.00355722	
291	0.00400165	
292	0.00448802	
293	0.00500682	
294	0.00554851	
295	0.00610736	
296	0.00668719	
297	0.00727847	
298	0.00786406	
299	0.00844961	
300	0.00903136	
301	0.00961119	
302	0.0101834	
303	0.0107461	
304	0.011303	
305	0.0118447	
306	0.0123673	
307	0.0128747	
308	0.0133687	
309	0.0138474	
310	0.0143128	
311	0.0147706	
312	0.0152016	
313	0.0156117	
314	0.0160104	
315	0.0163957	
316	0.0167657	
317	0.0171319	
318	0.0174733	
319	0.0178014	
320	0.0180913	
321	0.018406	
322	0.0186559	
323	0.0189077	
324	0.0191423	
325	0.0193826	
326	0.0195943	
327	0.019787	
328	0.0199891	
329	0.0201761	
330	0.0203477	
331	0.0205041	
332	0.0206643	
333	0.020815	
334	0.0210363	
335	0.0211049	
336	0.0211984	
337	0.0212747	
338	0.0213529	
339	0.0214082	
340	0.0214444	
341	0.0215207	
342	0.0215722	
343	0.0216199	
344	0.0216638	
345	0.0217191	
346	0.0217191	
347	0.021885	
348	0.0219442	
349	0.0219308	
350	0.0219327	
351	0.0219842	
352	0.0219232	
353	0.0219117	
354	0.0219213	
355	0.0219079	
356	0.0218641	
357	0.0217553	
358	0.0216943	
359	0.0216562	
360	0.0216066	