0	0.0299188	
1	0.0298768	
2	0.0298463	
3	0.029791	
4	0.0297338	
5	0.0296708	
6	0.0296041	
7	0.0295392	
8	0.0294706	
9	0.0294019	
10	0.0293218	
11	0.0292455	
12	0.029173	
13	0.0291673	
14	0.0291234	
15	0.0290662	
16	0.0289956	
17	0.0289212	
18	0.0288526	
19	0.0287839	
20	0.0287191	
21	0.028658	
22	0.028597	
23	0.0285302	
24	0.0284768	
25	0.028412	
26	0.0283681	
27	0.0283319	
28	0.0282937	
29	0.028246	
30	0.0281984	
31	0.0281488	
32	0.0280992	
33	0.0280515	
34	0.0280095	
35	0.0279714	
36	0.0279313	
37	0.0278798	
38	0.0278341	
39	0.0277807	
40	0.027733	
41	0.0276796	
42	0.0276319	
43	0.0275728	
44	0.0275136	
45	0.0274507	
46	0.0273763	
47	0.0273	
48	0.0272218	
49	0.0271379	
50	0.0270501	
51	0.0269529	
52	0.0268461	
53	0.0267335	
54	0.0266191	
55	0.0264951	
56	0.0263616	
57	0.0262223	
58	0.0260679	
59	0.0259057	
60	0.0257417	
61	0.0255624	
62	0.0253698	
63	0.0251619	
64	0.0249387	
65	0.024706	
66	0.0244657	
67	0.0242063	
68	0.0239354	
69	0.0236455	
70	0.0233403	
71	0.023018	
72	0.0226823	
73	0.0223314	
74	0.0219671	
75	0.0215799	
76	0.0211755	
77	0.0207483	
78	0.0203077	
79	0.0198404	
80	0.0193597	
81	0.0188466	
82	0.0182916	
83	0.0177289	
84	0.0171643	
85	0.0165712	
86	0.0159456	
87	0.0153008	
88	0.0146409	
89	0.0139485	
90	0.0132428	
91	0.0125294	
92	0.011818	
93	0.0111161	
94	0.0104371	
95	0.0097695	
96	0.00915915	
97	0.00861746	
98	0.00814635	
99	0.00778964	
100	0.00751117	
101	0.00735858	
102	0.00733188	
103	0.00742534	
104	0.0076485	
105	0.00798804	
106	0.00843817	
107	0.0089913	
108	0.0096131	
109	0.010294	
110	0.0110112	
111	0.011776	
112	0.0125428	
113	0.0133229	
114	0.0141011	
115	0.014864	
116	0.0154267	
117	0.0161821	
118	0.0169812	
119	0.0176908	
120	0.0183545	
121	0.0189706	
122	0.0195962	
123	0.0201932	
124	0.0207731	
125	0.02133	
126	0.0218641	
127	0.0223676	
128	0.0228559	
129	0.0233175	
130	0.0237638	
131	0.0241815	
132	0.0245839	
133	0.0249597	
134	0.025324	
135	0.025673	
136	0.0260164	
137	0.0263158	
138	0.0266134	
139	0.0268975	
140	0.0271779	
141	0.0274316	
142	0.0276777	
143	0.0279104	
144	0.0281278	
145	0.0283471	
146	0.0285455	
147	0.0287229	
148	0.0288984	
149	0.0290643	
150	0.0292302	
151	0.0293695	
152	0.0294801	
153	0.0295297	
154	0.0296479	
155	0.0297433	
156	0.0298387	
157	0.0299207	
158	0.0299989	
159	0.0300637	
160	0.0301172	
161	0.0301629	
162	0.0302125	
163	0.0302488	
164	0.0302774	
165	0.0302964	
166	0.0303174	
167	0.0303346	
168	0.0303785	
169	0.0303804	
170	0.0303632	
171	0.0303231	
172	0.0303155	
173	0.0303136	
174	0.0303193	
175	0.0302869	
176	0.0302736	
177	0.030224	
178	0.0301839	
179	0.0301172	
180	0.0300676	