0	0.00680354	
1	0.00677112	
2	0.00671962	
3	0.00667003	
4	0.00661471	
5	0.00655368	
6	0.00651172	
7	0.00647548	
8	0.00642207	
9	0.00637439	
10	0.00634006	
11	0.00627521	
12	0.00622943	
13	0.00618365	
14	0.00611308	
15	0.00607494	
16	0.0060406	
17	0.00598338	
18	0.00593951	
19	0.00589374	
20	0.00582317	
21	0.00576022	
22	0.00573733	
23	0.00568584	
24	0.00563052	
25	0.00548938	
26	0.0055714	
27	0.00553897	
28	0.00550464	
29	0.00546077	
30	0.00544742	
31	0.00541499	
32	0.00534633	
33	0.00531963	
34	0.00526431	
35	0.00518611	
36	0.00514606	
37	0.00508311	
38	0.00506213	
39	0.00501636	
40	0.00498965	
41	0.00494197	
42	0.00490955	
43	0.00486758	
44	0.0048714	
45	0.0048199	
46	0.00478175	
47	0.00476268	
48	0.00472644	
49	0.00468448	
50	0.00465015	
51	0.0045872	
52	0.00455478	
53	0.00449184	
54	0.00445178	
55	0.00438884	
56	0.00435451	
57	0.00429347	
58	0.0042229	
59	0.00416949	
60	0.0041199	
61	0.00403598	
62	0.00396541	
63	0.00390436	
64	0.00376321	
65	0.00368311	
66	0.00359346	
67	0.00351144	
68	0.00342943	
69	0.00332643	
70	0.00323488	
71	0.00314142	
72	0.00301553	
73	0.00291254	
74	0.00281335	
75	0.00269128	
76	0.00255777	
77	0.00248338	
78	0.00237466	
79	0.00226022	
80	0.00214197	
81	0.00202943	
82	0.00190736	
83	0.00180436	
84	0.0016842	
85	0.00157166	
86	0.00145913	
87	0.0013485	
88	0.00124741	
89	0.00114442	
90	0.00103379	
91	0.000936512	
92	0.000844959	
93	0.000751499	
94	0.00067902	
95	0.000600819	
96	0.000534061	
97	0.000476839	
98	0.000427248	
99	0.000387194	
100	0.000354769	
101	0.000329973	
102	0.000316622	
103	0.000314714	
104	0.000322344	
105	0.00033951	
106	0.00036812	
107	0.000406267	
108	0.000453951	
109	0.000522617	
110	0.000593189	
111	0.000667576	
112	0.000761036	
113	0.000856403	
114	0.000967029	
115	0.00108147	
116	0.00120164	
117	0.00133706	
118	0.00147439	
119	0.00161553	
120	0.00175668	
121	0.00192643	
122	0.00210382	
123	0.00226213	
124	0.00240327	
125	0.00255968	
126	0.00271036	
127	0.0028515	
128	0.00301172	
129	0.00319673	
130	0.00335504	
131	0.00351526	
132	0.00369073	
133	0.00383951	
134	0.00399593	
135	0.00416377	
136	0.00432971	
137	0.00447848	
138	0.00463298	
139	0.00478366	
140	0.00491527	
141	0.00507167	
142	0.00518993	
143	0.00531581	
144	0.00548747	
145	0.00560382	
146	0.00573543	
147	0.00584033	
148	0.00593951	
149	0.00605968	
150	0.00616267	
151	0.00626948	
152	0.00636867	
153	0.00644878	
154	0.0065594	
155	0.00659183	
156	0.00665858	
157	0.00674251	
158	0.00677112	
159	0.00683406	
160	0.00686458	
161	0.00691417	
162	0.00694659	
163	0.0069733	
164	0.00698283	
165	0.00701144	
166	0.00704959	
167	0.00704768	
168	0.00706866	
169	0.00705722	
170	0.00705531	
171	0.00704768	
172	0.00702861	
173	0.00702289	
174	0.00700954	
175	0.00699618	
176	0.00697711	
177	0.0069485	
178	0.00692752	
179	0.00689128	
180	0.0068703	
181	0.00683597	
182	0.00677302	
183	0.00671771	
184	0.00668338	
185	0.00664142	
186	0.0065842	
187	0.00654224	
188	0.00651935	
189	0.00652125	
190	0.0064545	
191	0.006403	
192	0.00636104	
193	0.00629619	
194	0.0062466	
195	0.00618175	
196	0.00613597	
197	0.00609592	
198	0.00604442	
199	0.00601581	
200	0.00595859	
201	0.00588802	
202	0.00581554	
203	0.00576022	
204	0.00570109	
205	0.00562671	
206	0.0055714	
207	0.00553325	
208	0.00547603	
209	0.00543979	
210	0.00541881	
211	0.00532535	
212	0.00526431	
213	0.00519374	
214	0.00524524	
215	0.00519946	
216	0.00519946	
217	0.00508884	
218	0.0050526	
219	0.0050278	
220	0.00498775	
221	0.0049496	
222	0.00494006	
223	0.00490382	
224	0.00486568	
225	0.00485805	
226	0.00479892	
227	0.00476649	
228	0.00471881	
229	0.0046635	
230	0.00462726	
231	0.00455478	
232	0.00448993	
233	0.00444606	
234	0.00439265	
235	0.00434306	
236	0.00429347	
237	0.00421908	
238	0.00418285	
239	0.004118	
240	0.00402644	
241	0.00395778	
242	0.00391009	
243	0.00383379	
244	0.00375558	
245	0.00366403	
246	0.00357439	
247	0.00349618	
248	0.00340845	
249	0.00331117	
250	0.00321199	
251	0.00310709	
252	0.0030079	
253	0.00290872	
254	0.0027981	
255	0.00268365	
256	0.00260736	
257	0.00249483	
258	0.00237657	
259	0.00226976	
260	0.00214769	
261	0.00201036	
262	0.00190736	
263	0.0017891	
264	0.00166894	
265	0.00154877	
266	0.00144006	
267	0.0013218	
268	0.00121308	
269	0.00110818	
270	0.0010109	
271	0.000911716	
272	0.000812534	
273	0.000728611	
274	0.000644688	
275	0.000570301	
276	0.000503544	
277	0.000448229	
278	0.000394823	
279	0.000352861	
280	0.000318529	
281	0.000295641	
282	0.000280382	
283	0.000272753	
284	0.000278475	
285	0.000293734	
286	0.000318529	
287	0.000354769	
288	0.000402452	
289	0.000457766	
290	0.000522617	
291	0.000600819	
292	0.000684742	
293	0.000783924	
294	0.000883106	
295	0.000995643	
296	0.00110818	
297	0.00123406	
298	0.00136567	
299	0.00149537	
300	0.00164033	
301	0.0017891	
302	0.00193787	
303	0.00208665	
304	0.00225259	
305	0.0024109	
306	0.00255395	
307	0.00273515	
308	0.00289537	
309	0.00306512	
310	0.00324823	
311	0.00340845	
312	0.00355531	
313	0.00370218	
314	0.00387384	
315	0.00403598	
316	0.00419238	
317	0.00435832	
318	0.00449947	
319	0.00465015	
320	0.00480464	
321	0.00493625	
322	0.00506786	
323	0.005209	
324	0.00533488	
325	0.00544932	
326	0.00555041	
327	0.00568011	
328	0.0057793	
329	0.00588992	
330	0.0059891	
331	0.00607303	
332	0.0061703	
333	0.00625804	
334	0.0063248	
335	0.00639156	
336	0.00644305	
337	0.00652316	
338	0.00659373	
339	0.00666431	
340	0.00667956	
341	0.00675204	
342	0.00678828	
343	0.00679782	
344	0.00683406	
345	0.00683978	
346	0.00686267	
347	0.00685123	
348	0.00687221	
349	0.00686839	
350	0.0068455	
351	0.00682452	
352	0.00679019	
353	0.00675777	
354	0.0067406	
355	0.00672343	
356	0.00669673	
357	0.00667766	
358	0.00665477	
359	0.00661853	
360	0.00656894	