0	0.0211393	
1	0.0210515	
2	0.0209562	
3	0.0208951	
4	0.0208246	
5	0.0207406	
6	0.0206567	
7	0.0205594	
8	0.0204622	
9	0.0203668	
10	0.0202714	
11	0.0201722	
12	0.0200769	
13	0.0199758	
14	0.0198766	
15	0.0197755	
16	0.0196687	
17	0.0195581	
18	0.0194551	
19	0.0193979	
20	0.0193158	
21	0.0192128	
22	0.0190545	
23	0.0189458	
24	0.0189344	
25	0.0187665	
26	0.0186406	
27	0.0185586	
28	0.0184766	
29	0.0183183	
30	0.0182363	
31	0.0181676	
32	0.0180703	
33	0.0180246	
34	0.0179387	
35	0.0178605	
36	0.0177823	
37	0.0177099	
38	0.0176336	
39	0.0175821	
40	0.0174638	
41	0.0173951	
42	0.0173208	
43	0.0172445	
44	0.0171758	
45	0.0171052	
46	0.0170327	
47	0.0169488	
48	0.0168744	
49	0.0167867	
50	0.0166951	
51	0.0166188	
52	0.0164968	
53	0.0164109	
54	0.0163194	
55	0.0162259	
56	0.0161248	
57	0.016018	
58	0.0159093	
59	0.0157663	
60	0.01569	
61	0.0155678	
62	0.0154267	
63	0.015276	
64	0.0150796	
65	0.0149327	
66	0.0147496	
67	0.0145703	
68	0.0143567	
69	0.0141411	
70	0.013939	
71	0.0136853	
72	0.0134221	
73	0.0131531	
74	0.0128728	
75	0.0125847	
76	0.0122758	
77	0.0119572	
78	0.0116578	
79	0.011303	
80	0.0109406	
81	0.0105553	
82	0.0101433	
83	0.00971609	
84	0.00928694	
85	0.00885016	
86	0.00840193	
87	0.00794226	
88	0.00746921	
89	0.00698474	
90	0.00649455	
91	0.00600627	
92	0.00551799	
93	0.00503734	
94	0.00456241	
95	0.00410464	
96	0.00366785	
97	0.00326349	
98	0.002903	
99	0.00257875	
100	0.00229646	
101	0.00205614	
102	0.00188447	
103	0.00178147	
104	0.00174714	
105	0.00178529	
106	0.00189591	
107	0.00207521	
108	0.00232507	
109	0.00263597	
110	0.00300218	
111	0.00341035	
112	0.00387193	
113	0.00437358	
114	0.00490573	
115	0.00545314	
116	0.00602153	
117	0.00660899	
118	0.00719455	
119	0.00778201	
120	0.00837332	
121	0.00896269	
122	0.00954062	
123	0.0101166	
124	0.0106869	
125	0.0112496	
126	0.0118008	
127	0.012333	
128	0.0128422	
129	0.0133343	
130	0.0138245	
131	0.0142861	
132	0.0147324	
133	0.0151578	
134	0.0155697	
135	0.0159551	
136	0.0163366	
137	0.0166913	
138	0.0170346	
139	0.0173665	
140	0.0176812	
141	0.0179845	
142	0.0182763	
143	0.0185548	
144	0.0188142	
145	0.0190622	
146	0.0193025	
147	0.0195276	
148	0.0197335	
149	0.0199338	
150	0.0201322	
151	0.0203153	
152	0.0204812	
153	0.0206739	
154	0.0208131	
155	0.0209657	
156	0.0210725	
157	0.0211908	
158	0.0213186	
159	0.0214273	
160	0.0215188	
161	0.0216275	
162	0.0216676	
163	0.0217191	
164	0.0217878	
165	0.0218393	
166	0.021885	
167	0.0219194	
168	0.0219442	
169	0.0219594	
170	0.0219671	
171	0.0219651	
172	0.0219671	
173	0.0219575	
174	0.0219384	
175	0.0219156	
176	0.0218812	
177	0.0218412	
178	0.0218011	
179	0.0217458	
180	0.0216886	
181	0.0216314	
182	0.0215646	
183	0.021494	
184	0.0214235	
185	0.021351	
186	0.021269	
187	0.0211869	
188	0.0210973	
189	0.0210019	
190	0.0209466	
191	0.0208284	
192	0.0207425	
193	0.02063	
194	0.020527	
195	0.020424	
196	0.0203153	
197	0.0202008	
198	0.0200883	
199	0.0199758	
200	0.0198613	
201	0.0197564	
202	0.0196515	
203	0.0195409	
204	0.0194303	
205	0.0193292	
206	0.0192262	
207	0.0191194	
208	0.0190202	
209	0.0189191	
210	0.0188218	
211	0.0187246	
212	0.0186311	
213	0.0185376	
214	0.018448	
215	0.018366	
216	0.0182668	
217	0.0181772	
218	0.0180894	
219	0.0180017	
220	0.0179178	
221	0.0178338	
222	0.0177518	
223	0.0176717	
224	0.0175935	
225	0.0175134	
226	0.0174237	
227	0.017336	
228	0.0172464	
229	0.0171605	
230	0.0170709	
231	0.0169736	
232	0.0168687	
233	0.0167638	
234	0.0166532	
235	0.0165406	
236	0.0164243	
237	0.0162984	
238	0.0161802	
239	0.0160352	
240	0.0158731	
241	0.0157167	
242	0.0155659	
243	0.0153943	
244	0.0152016	
245	0.0150128	
246	0.0148144	
247	0.0146065	
248	0.0143834	
249	0.0141545	
250	0.0139084	
251	0.0136777	
252	0.0134335	
253	0.0131627	
254	0.0128441	
255	0.0125275	
256	0.0122052	
257	0.0118733	
258	0.01153	
259	0.0111619	
260	0.0107766	
261	0.0104142	
262	0.0100289	
263	0.0096131	
264	0.00921446	
265	0.00879294	
266	0.00833327	
267	0.00785834	
268	0.00737956	
269	0.00688747	
270	0.00639918	
271	0.005909	
272	0.00542071	
273	0.00493816	
274	0.00446132	
275	0.00399593	
276	0.0035515	
277	0.00314142	
278	0.00276567	
279	0.00242044	
280	0.0021248	
281	0.00189591	
282	0.00168992	
283	0.00156976	
284	0.00152589	
285	0.00155259	
286	0.00165177	
287	0.00183106	
288	0.00207902	
289	0.00239564	
290	0.00277139	
291	0.00320627	
292	0.00368311	
293	0.00421908	
294	0.00478175	
295	0.00534633	
296	0.00593951	
297	0.00654987	
298	0.00716403	
299	0.00777629	
300	0.00840002	
301	0.0090161	
302	0.0096131	
303	0.0102063	
304	0.0107785	
305	0.0113488	
306	0.0119076	
307	0.0124398	
308	0.0129567	
309	0.013464	
310	0.0139523	
311	0.0144082	
312	0.0148526	
313	0.0152856	
314	0.01569	
315	0.0160848	
316	0.0164644	
317	0.016821	
318	0.0171701	
319	0.0174943	
320	0.0178148	
321	0.0181161	
322	0.0184098	
323	0.0186769	
324	0.018942	
325	0.019188	
326	0.0194265	
327	0.0196534	
328	0.019869	
329	0.0200692	
330	0.0202619	
331	0.0204393	
332	0.0206052	
333	0.0207635	
334	0.0209543	
335	0.0210687	
336	0.021206	
337	0.0213128	
338	0.0214025	
339	0.0215055	
340	0.0216104	
341	0.021679	
342	0.0217363	
343	0.0218297	
344	0.0218698	
345	0.021906	
346	0.0218908	
347	0.0219499	
348	0.0219709	
349	0.0219861	
350	0.0219918	
351	0.0219957	
352	0.0219918	
353	0.0219785	
354	0.0219957	
355	0.022278	
356	0.0222017	
357	0.022173	
358	0.0221902	
359	0.0218354	
360	0.0217687	