0	0.0198938	
1	0.0227891	
2	0.0225641	
3	0.0198461	
4	0.0196916	
5	0.019293	
6	0.0190812	
7	0.0190126	
8	0.0189458	
9	0.018881	
10	0.0188276	
11	0.018778	
12	0.0187265	
13	0.0186712	
14	0.0186063	
15	0.0185529	
16	0.0184995	
17	0.0184442	
18	0.0183927	
19	0.018345	
20	0.0182992	
21	0.0182439	
22	0.0181943	
23	0.0181485	
24	0.0181028	
25	0.0180589	
26	0.0180188	
27	0.017975	
28	0.0179368	
29	0.0179025	
30	0.0178682	
31	0.0178243	
32	0.0177861	
33	0.0177499	
34	0.0177118	
35	0.0176755	
36	0.0176355	
37	0.0175954	
38	0.0175554	
39	0.0175115	
40	0.0174676	
41	0.0174161	
42	0.0173646	
43	0.017315	
44	0.0172559	
45	0.017193	
46	0.0171262	
47	0.0170499	
48	0.0169698	
49	0.0168878	
50	0.0167943	
51	0.0167009	
52	0.016596	
53	0.0164911	
54	0.0163728	
55	0.0162488	
56	0.0161191	
57	0.0159837	
58	0.0158311	
59	0.0156766	
60	0.0155106	
61	0.0153428	
62	0.0151635	
63	0.0149766	
64	0.0147801	
65	0.0145741	
66	0.0143586	
67	0.0141278	
68	0.0138894	
69	0.0136338	
70	0.0133668	
71	0.0130845	
72	0.0127965	
73	0.0124932	
74	0.0121785	
75	0.0118466	
76	0.0115033	
77	0.0111485	
78	0.0107823	
79	0.0104046	
80	0.0100136	
81	0.00960928	
82	0.00920302	
83	0.00878912	
84	0.00836951	
85	0.00794798	
86	0.00752071	
87	0.00709155	
88	0.00666431	
89	0.00624087	
90	0.00583079	
91	0.00542644	
92	0.00504497	
93	0.00468639	
94	0.0043526	
95	0.00405315	
96	0.00379373	
97	0.00357629	
98	0.00340654	
99	0.00333788	
100	0.00332262	
101	0.00325967	
102	0.00329973	
103	0.0033951	
104	0.00354578	
105	0.00375368	
106	0.00400737	
107	0.00431445	
108	0.00465968	
109	0.00504306	
110	0.00546077	
111	0.00590137	
112	0.00635341	
113	0.00683025	
114	0.00732425	
115	0.00782019	
116	0.00831419	
117	0.00882536	
118	0.00931937	
119	0.00980765	
120	0.0102921	
121	0.0107728	
122	0.0112496	
123	0.0117169	
124	0.0121689	
125	0.0126095	
126	0.0130559	
127	0.0134678	
128	0.0138703	
129	0.0142575	
130	0.0146256	
131	0.0149899	
132	0.0153351	
133	0.0156614	
134	0.0159627	
135	0.0162736	
136	0.0165635	
137	0.0168401	
138	0.0172139	
139	0.0173055	
140	0.0175496	
141	0.0180436	
142	0.0181676	
143	0.0183564	
144	0.0185682	
145	0.0187398	
146	0.0189172	
147	0.0190965	
148	0.0192605	
149	0.0194017	
150	0.019539	
151	0.0196744	
152	0.0198022	
153	0.0199243	
154	0.0200273	
155	0.0201265	
156	0.0202085	
157	0.0202848	
158	0.0203553	
159	0.0204145	
160	0.0204736	
161	0.0205175	
162	0.0205518	
163	0.0205842	
164	0.0206052	
165	0.0206243	
166	0.0206395	
167	0.0206491	
168	0.0206548	
169	0.0206453	
170	0.0206376	
171	0.0206224	
172	0.0206071	
173	0.020588	
174	0.0205652	
175	0.0205308	
176	0.0204965	
177	0.0204602	
178	0.020424	
179	0.0203859	
180	0.0203363	
181	0.0202905	
182	0.0202409	
183	0.0201799	
184	0.0201284	
185	0.0200521	
186	0.0199987	
187	0.0199414	
188	0.0198823	
189	0.0198117	
190	0.0197431	
191	0.019684	
192	0.0196115	
193	0.0195447	
194	0.0194951	
195	0.0194379	
196	0.0193578	
197	0.0192853	
198	0.0192224	
199	0.0191613	
200	0.019106	
201	0.0190393	
202	0.0189763	
203	0.0189325	
204	0.0188714	
205	0.0188276	
206	0.0187761	
207	0.0187227	
208	0.0186769	
209	0.0186311	
210	0.0185853	
211	0.0185243	
212	0.0184842	
213	0.0184461	
214	0.0184022	
215	0.0183927	
216	0.0183316	
217	0.0182725	
218	0.018221	
219	0.0181676	
220	0.018097	
221	0.0180341	
222	0.0179807	
223	0.0179158	
224	0.017851	
225	0.0178624	
226	0.0178052	
227	0.0177289	
228	0.0176545	
229	0.0175725	
230	0.0174848	
231	0.0173951	
232	0.0173017	
233	0.0171968	
234	0.0170861	
235	0.0169603	
236	0.0168363	
237	0.0167047	
238	0.0165635	
239	0.0164205	
240	0.0162507	
241	0.0160924	
242	0.0159093	
243	0.01573	
244	0.0155335	
245	0.0153008	
246	0.015091	
247	0.0148602	
248	0.014618	
249	0.0143548	
250	0.0140877	
251	0.0138093	
252	0.0135117	
253	0.0131894	
254	0.0128651	
255	0.0125161	
256	0.0121556	
257	0.0117398	
258	0.0113621	
259	0.0109788	
260	0.0105763	
261	0.0101395	
262	0.00972372	
263	0.00929648	
264	0.0088616	
265	0.00842291	
266	0.00797087	
267	0.00751117	
268	0.00705722	
269	0.00660136	
270	0.00615314	
271	0.00571635	
272	0.00529483	
273	0.00489619	
274	0.00452235	
275	0.00418285	
276	0.00388147	
277	0.00362398	
278	0.00341798	
279	0.0032654	
280	0.00317003	
281	0.00313188	
282	0.00315477	
283	0.00323488	
284	0.00337602	
285	0.00357057	
286	0.00381853	
287	0.004118	
288	0.00446132	
289	0.00485042	
290	0.00526813	
291	0.00570491	
292	0.00618175	
293	0.00667766	
294	0.0071812	
295	0.00769427	
296	0.0082112	
297	0.00874716	
298	0.0092774	
299	0.009821	
300	0.0103646	
301	0.0108815	
302	0.0113907	
303	0.0118924	
304	0.0123673	
305	0.012806	
306	0.0132676	
307	0.0137025	
308	0.0141259	
309	0.014536	
310	0.0149422	
311	0.0153218	
312	0.0156881	
313	0.0160352	
314	0.0163594	
315	0.0166761	
316	0.0169793	
317	0.0172597	
318	0.017521	
319	0.0177823	
320	0.0180284	
321	0.018263	
322	0.0184709	
323	0.0186864	
324	0.0188886	
325	0.0190774	
326	0.0192529	
327	0.0194188	
328	0.0195638	
329	0.0196954	
330	0.0198289	
331	0.0199548	
332	0.0200692	
333	0.0201741	
334	0.0202638	
335	0.0203363	
336	0.020403	
337	0.0204736	
338	0.0205251	
339	0.0205766	
340	0.020609	
341	0.0206357	
342	0.0206491	
343	0.0206548	
344	0.0206376	
345	0.0206395	
346	0.0206243	
347	0.0205957	
348	0.0205575	
349	0.0205175	
350	0.0204679	
351	0.0204126	
352	0.0203611	
353	0.0203	
354	0.0202352	
355	0.0201741	
356	0.0201074	
357	0.0200311	
358	0.0199643	
359	0.0198709	
360	0.0197889	