0	0.0233365	
1	0.0234185	
2	0.0234586	
3	0.0234357	
4	0.0233041	
5	0.0231534	
6	0.0229532	
7	0.0226499	
8	0.0223657	
9	0.0222245	
10	0.022133	
11	0.0220567	
12	0.0219461	
13	0.0218717	
14	0.0217344	
15	0.021679	
16	0.0215913	
17	0.0215589	
18	0.0215303	
19	0.0216142	
20	0.0217134	
21	0.0217038	
22	0.0216962	
23	0.021618	
24	0.0215074	
25	0.0214101	
26	0.0212175	
27	0.0209466	
28	0.0207101	
29	0.0206186	
30	0.0205442	
31	0.0204793	
32	0.0204011	
33	0.0203305	
34	0.0202695	
35	0.0202771	
36	0.0202409	
37	0.0201474	
38	0.0200559	
39	0.0200692	
40	0.0201875	
41	0.0202504	
42	0.0202676	
43	0.0202256	
44	0.0201436	
45	0.0200692	
46	0.0199643	
47	0.0196992	
48	0.0194818	
49	0.0192472	
50	0.0191499	
51	0.019066	
52	0.0189801	
53	0.0188848	
54	0.0187761	
55	0.0186406	
56	0.0184728	
57	0.0183583	
58	0.0182611	
59	0.0181276	
60	0.0180227	
61	0.0178586	
62	0.0177652	
63	0.01779	
64	0.0178319	
65	0.01779	
66	0.0176679	
67	0.0174905	
68	0.0172807	
69	0.0170156	
70	0.0166799	
71	0.0163289	
72	0.0159131	
73	0.0154725	
74	0.0151082	
75	0.0147591	
76	0.0144559	
77	0.0148888	
78	0.0137978	
79	0.0132809	
80	0.0128785	
81	0.0124627	
82	0.0120621	
83	0.0116253	
84	0.0111333	
85	0.0106488	
86	0.0101529	
87	0.00964171	
88	0.00914007	
89	0.00870711	
90	0.00822455	
91	0.00771716	
92	0.00718692	
93	0.00665477	
94	0.00610736	
95	0.00554469	
96	0.00504687	
97	0.00456813	
98	0.00412181	
99	0.00370981	
100	0.00339128	
101	0.00315477	
102	0.00301935	
103	0.00297357	
104	0.003006	
105	0.00311281	
106	0.00331117	
107	0.00359918	
108	0.00396922	
109	0.00439456	
110	0.00491145	
111	0.00549892	
112	0.00609019	
113	0.00671771	
114	0.0073643	
115	0.00798994	
116	0.0087319	
117	0.00939375	
118	0.0101262	
119	0.0108472	
120	0.0115929	
121	0.012312	
122	0.0129395	
123	0.0135518	
124	0.0141698	
125	0.0147286	
126	0.015236	
127	0.0157109	
128	0.016121	
129	0.016493	
130	0.0168401	
131	0.0171643	
132	0.0175668	
133	0.0179693	
134	0.018366	
135	0.0187417	
136	0.0190831	
137	0.0194227	
138	0.0197393	
139	0.0200216	
140	0.0202829	
141	0.0205823	
142	0.0209008	
143	0.0211126	
144	0.0212976	
145	0.0214196	
146	0.0216275	
147	0.0218621	
148	0.022936	
149	0.0223142	
150	0.0224859	
151	0.0227567	
152	0.0229856	
153	0.0231992	
154	0.0233957	
155	0.0235711	
156	0.0237409	
157	0.0238725	
158	0.0239431	
159	0.024027	
160	0.0240709	
161	0.0241033	
162	0.0241109	
163	0.0241185	
164	0.024109	
165	0.0240308	
166	0.023924	
167	0.0238286	
168	0.0238153	
169	0.0238	
170	0.0237848	
171	0.0237676	
172	0.0237504	
173	0.0237142	
174	0.0236779	
175	0.0237066	
176	0.0236341	
177	0.0235749	
178	0.0234929	
179	0.0234433	
180	0.0233804	
181	0.023327	
182	0.0232927	
183	0.0232431	
184	0.0231916	
185	0.0231668	
186	0.0230867	
187	0.0230333	
188	0.022936	
189	0.0228788	
190	0.0228902	
191	0.0228711	
192	0.0228502	
193	0.0228177	
194	0.0227968	
195	0.0228273	
196	0.0227834	
197	0.0226671	
198	0.0226213	
199	0.0224229	
200	0.0222913	
201	0.0221444	
202	0.0219575	
203	0.0217611	
204	0.021576	
205	0.0213968	
206	0.0211602	
207	0.0209485	
208	0.0207864	
209	0.0207025	
210	0.0205899	
211	0.0205671	
212	0.0204126	
213	0.0203458	
214	0.0202829	
215	0.0201799	
216	0.0200998	
217	0.0200597	
218	0.0200101	
219	0.0199338	
220	0.019827	
221	0.0197393	
222	0.0196649	
223	0.0196096	
224	0.0195447	
225	0.0194494	
226	0.0193692	
227	0.0192968	
228	0.0192319	
229	0.0191518	
230	0.0190679	
231	0.0189801	
232	0.0188924	
233	0.0188009	
234	0.0187627	
235	0.0187246	
236	0.0186731	
237	0.0186082	
238	0.0185338	
239	0.0184308	
240	0.0183221	
241	0.0182134	
242	0.0181276	
243	0.0179101	
244	0.0179044	
245	0.0176755	
246	0.017481	
247	0.0172273	
248	0.0169927	
249	0.0166494	
250	0.016306	
251	0.0160104	
252	0.0156862	
253	0.0153237	
254	0.0149365	
255	0.0145245	
256	0.0141106	
257	0.0137253	
258	0.0133401	
259	0.0129529	
260	0.0125447	
261	0.0121079	
262	0.0116559	
263	0.0112095	
264	0.0107403	
265	0.0102616	
266	0.00975996	
267	0.00922781	
268	0.00870138	
269	0.00816542	
270	0.00761989	
271	0.00706103	
272	0.00650981	
273	0.00596812	
274	0.00543788	
275	0.00492671	
276	0.00444415	
277	0.00399974	
278	0.00360109	
279	0.00325395	
280	0.00296976	
281	0.00275804	
282	0.0026188	
283	0.00256158	
284	0.00259019	
285	0.00270082	
286	0.00289918	
287	0.00318147	
288	0.00356485	
289	0.00401118	
290	0.00451854	
291	0.00507548	
292	0.00567248	
293	0.00630572	
294	0.00695804	
295	0.00761798	
296	0.0082913	
297	0.00895697	
298	0.00960928	
299	0.0102444	
300	0.0108662	
301	0.0114747	
302	0.0120812	
303	0.0126382	
304	0.0131856	
305	0.0137311	
306	0.0142327	
307	0.0147133	
308	0.0151711	
309	0.0156212	
310	0.0160352	
311	0.0164281	
312	0.0167924	
313	0.0171338	
314	0.0174943	
315	0.017872	
316	0.0182344	
317	0.0185643	
318	0.0188829	
319	0.0192033	
320	0.0195104	
321	0.019806	
322	0.0200654	
323	0.0203325	
324	0.020588	
325	0.0208455	
326	0.0210859	
327	0.0214006	
328	0.0215265	
329	0.0217382	
330	0.0219136	
331	0.0220701	
332	0.0222265	
333	0.0225011	
334	0.0225602	
335	0.0226156	
336	0.0227033	
337	0.0227891	
338	0.0228769	
339	0.022957	
340	0.0230275	
341	0.0230848	
342	0.0231324	
343	0.0231725	
344	0.0232183	
345	0.0232393	
346	0.0232526	
347	0.0232641	
348	0.0232736	
349	0.0232621	
350	0.0232583	
351	0.0232545	
352	0.0232545	
353	0.0233842	
354	0.0234033	
355	0.0234071	
356	0.0234033	
357	0.0233823	
358	0.0233423	
359	0.0232469	
360	0.0232126	