0	0.0254346	
2	0.0254174	
4	0.0254041	
6	0.0253774	
8	0.0253507	
10	0.0253202	
12	0.0252839	
14	0.0252324	
16	0.025179	
18	0.0251123	
20	0.0250493	
22	0.0249845	
24	0.0249158	
26	0.0248452	
28	0.024767	
30	0.0246907	
32	0.024603	
34	0.0245191	
36	0.0244104	
38	0.0243093	
40	0.0242025	
42	0.0240899	
44	0.0239679	
46	0.0238382	
48	0.0237008	
50	0.0235502	
52	0.0233938	
54	0.023224	
56	0.0230409	
58	0.0228387	
60	0.0226175	
62	0.0223562	
64	0.0220662	
66	0.0217229	
68	0.0213128	
70	0.0208226	
72	0.0202142	
74	0.019457	
76	0.0184842	
78	0.0172139	
80	0.0154648	
82	0.0130005	
84	0.00946242	
86	0.00479701	
88	0.000846867	
90	0.000936512	
92	0.00500301	
94	0.00962454	
96	0.0131245	
98	0.0156232	
100	0.0173951	
102	0.0187017	
104	0.0196763	
106	0.0204355	
108	0.0210229	
110	0.0215303	
112	0.0219041	
114	0.0222265	
116	0.0225126	
118	0.0227643	
120	0.0229989	
122	0.0231878	
124	0.0233747	
126	0.0235482	
128	0.0237123	
130	0.0238687	
132	0.0240175	
134	0.0241624	
136	0.0242978	
138	0.0244294	
140	0.0245458	
142	0.0246602	
144	0.0247689	
146	0.02487	
148	0.0249635	
150	0.0250551	
152	0.0251333	
154	0.0252057	
156	0.0238572		