0	0.0259439	
2	0.0259362	
4	0.0259191	
6	0.0259038	
8	0.0258561	
10	0.0258199	
12	0.0257722	
14	0.0257169	
16	0.0256616	
18	0.025591	
20	0.0255224	
22	0.0254537	
24	0.0253659	
26	0.0252877	
28	0.0251848	
30	0.0250798	
32	0.0249692	
34	0.0248681	
36	0.0247594	
38	0.0246545	
40	0.0245401	
42	0.0244161	
44	0.0242826	
46	0.0241472	
48	0.0240079	
50	0.0238687	
52	0.023718	
54	0.0235521	
56	0.0233709	
58	0.0231706	
60	0.0229455	
62	0.0226976	
64	0.0224324	
66	0.0220777	
68	0.021681	
70	0.0212041	
72	0.0206052	
74	0.0198232	
76	0.018797	
78	0.0174218	
80	0.0154839	
82	0.0126515	
84	0.00844961	
86	0.0033188	
88	0.000711445	
90	0.00355341	
92	0.00864989	
94	0.012724	
96	0.0155087	
98	0.0174505	
100	0.0188276	
102	0.019848	
104	0.0206167	
106	0.0212156	
108	0.0216943	
110	0.0220891	
112	0.0224172	
114	0.0227014	
116	0.0229493	
118	0.023182	
120	0.023388	
122	0.0235788	
124	0.0237561	
126	0.023924	
128	0.0240766	
130	0.0242273	
132	0.0243684	
134	0.0245	
136	0.0246335	
138	0.0247556	
140	0.02487	
142	0.0249807	
144	0.0250875	
146	0.0251867	
148	0.025282	
150	0.0253717	
152	0.0254575	
154	0.0255224	
156	0.0255891	
158	0.0256521	
160	0.0257093	
162	0.0257627	
164	0.0258046	
166	0.0258447	
168	0.0258714	
170	0.0258962	
172	0.0259115	
174	0.0259229	
176	0.0259324	
178	0.0259305	
180	0.0259362	