0	0.0254003	
2	0.0253812	
4	0.0253507	
6	0.0253183	
8	0.0252706	
10	0.0252153	
12	0.0251523	
14	0.0250818	
16	0.0249978	
18	0.0249139	
20	0.0248243	
22	0.0247308	
24	0.0246373	
26	0.0245439	
28	0.024439	
30	0.0243341	
32	0.0242311	
34	0.0241185	
36	0.0240003	
38	0.0238763	
40	0.0237447	
42	0.023615	
44	0.0234758	
46	0.023327	
48	0.0231782	
50	0.0230123	
52	0.022833	
54	0.0226518	
56	0.0224591	
58	0.0222398	
60	0.022009	
62	0.0217534	
64	0.0214692	
66	0.0211412	
68	0.0207788	
70	0.0203553	
72	0.0198747	
74	0.0193292	
76	0.0186902	
78	0.0179597	
80	0.0170957	
82	0.0160772	
84	0.0148888	
86	0.0136166	
88	0.0123139	
90	0.0112439	
92	0.0106888	
94	0.0109139	
96	0.0118333	
98	0.0131817	
100	0.014658	
102	0.0160505	
104	0.0172693	
106	0.0183011	
108	0.0191652	
110	0.0198842	
112	0.0204908	
114	0.0209924	
116	0.0214216	
118	0.0217897	
120	0.0221101	
122	0.0223924	
124	0.022648	
126	0.0228807	
128	0.0230905	
130	0.0232888	
132	0.0234758	
134	0.0236493	
136	0.0238153	
138	0.0239698	
140	0.0241147	
142	0.0242521	
144	0.0243856	
146	0.0245057	
148	0.0246183	
150	0.0247308	
152	0.0248262	
154	0.0249215	
156	0.0250074	
158	0.0250894	
160	0.0251542	
162	0.0252229	
164	0.0252782	
166	0.025324	
168	0.0253679	
170	0.0254041	
172	0.0254213	
174	0.0254384	
176	0.0254403	
178	0.0254327	
180	0.0254174	