0	0.0238	
2	0.0237848	
4	0.0237581	
6	0.0237142	
8	0.0236551	
10	0.0235902	
12	0.0235139	
14	0.0234205	
16	0.0233308	
18	0.0232202	
20	0.0230981	
22	0.0229684	
24	0.0228273	
26	0.0226842	
28	0.0225259	
30	0.0223581	
32	0.0221654	
34	0.0219575	
36	0.0217286	
38	0.0214807	
40	0.0212175	
42	0.0209352	
44	0.0206262	
46	0.0202829	
48	0.0199014	
50	0.0194856	
52	0.019024	
54	0.0185148	
56	0.0179559	
58	0.0173455	
60	0.0166551	
62	0.0158883	
64	0.0150128	
66	0.0140267	
68	0.0129262	
70	0.0116845	
72	0.0102902	
74	0.00874716	
76	0.00705722	
78	0.00528911	
80	0.00350763	
82	0.00188065	
84	0.000646595	
86	7.62944E-5	
88	0.000289919	
90	0.00122262	
92	0.00264932	
94	0.00432971	
96	0.00606349	
98	0.00773624	
100	0.00930792	
102	0.0107308	
104	0.0119954	
106	0.0131302	
108	0.0141335	
110	0.01503	
112	0.0158254	
114	0.0165349	
116	0.017172	
118	0.0177518	
120	0.0182859	
122	0.0187722	
124	0.0192224	
126	0.0196286	
128	0.0200006	
130	0.0203496	
132	0.0206701	
134	0.0209714	
136	0.0212499	
138	0.0215074	
140	0.0217458	
142	0.021969	
144	0.0221769	
146	0.0223657	
148	0.0225469	
150	0.0227052	
152	0.0228559	
154	0.0229989	
156	0.0231305	
158	0.0232488	
160	0.0233594	
162	0.0234548	
164	0.0235425	
166	0.0236207	
168	0.0236799	
170	0.023739	
172	0.0237848	
174	0.0238191	
176	0.0238458	
178	0.0238496	
180	0.0238515	