0	0.0254194	
2	0.0254022	
4	0.0253793	
6	0.0253412	
8	0.0253049	
10	0.0252572	
12	0.0252	
14	0.025139	
16	0.0250684	
18	0.0249883	
20	0.0249063	
22	0.0248224	
24	0.0247384	
26	0.0246507	
28	0.0245649	
30	0.0244676	
32	0.0243684	
34	0.0242616	
36	0.0241491	
38	0.0240308	
40	0.0239125	
42	0.0237905	
44	0.0236551	
46	0.0235196	
48	0.0233709	
50	0.0232221	
52	0.0230447	
54	0.0228597	
56	0.0226671	
58	0.0224572	
60	0.0222207	
62	0.021948	
64	0.0216409	
66	0.0212842	
68	0.0208703	
70	0.020384	
72	0.0198003	
74	0.0190908	
76	0.0182668	
78	0.017151	
80	0.0157834	
82	0.0140286	
84	0.0117665	
86	0.00907522	
88	0.00641635	
90	0.00496104	
92	0.00569537	
94	0.00810629	
96	0.0109444	
98	0.0134545	
100	0.0154667	
102	0.0170423	
104	0.0182592	
106	0.0192147	
108	0.0199777	
110	0.0205976	
112	0.021103	
114	0.0215226	
116	0.0218812	
118	0.022194	
120	0.0224687	
122	0.022709	
124	0.0229284	
126	0.0231344	
128	0.0233213	
130	0.0234967	
132	0.0236646	
134	0.023821	
136	0.0239736	
138	0.0241147	
140	0.0242444	
142	0.0243684	
144	0.0244943	
146	0.024603	
148	0.024706	
150	0.0248052	
152	0.0248948	
154	0.0249807	
156	0.0250608	
158	0.0251256	
160	0.0252115	
162	0.0252534	
164	0.0252973	
166	0.0253412	
168	0.0253793	
170	0.0254098	
172	0.0254308	
174	0.0254422	
176	0.0254499	
178	0.0254422	
180	0.025427	