0	0.0255872	
2	0.0255624	
4	0.0255281	
6	0.025488	
8	0.0254384	
10	0.0253812	
12	0.0253106	
14	0.0252305	
16	0.0251409	
18	0.0250512	
20	0.0249578	
22	0.0248624	
24	0.0247556	
26	0.0246507	
28	0.0245477	
30	0.0244409	
32	0.0243322	
34	0.0242158	
36	0.0240937	
38	0.023966	
40	0.023842	
42	0.0237085	
44	0.0235711	
46	0.0234224	
48	0.0232774	
50	0.0231191	
52	0.022957	
54	0.0227891	
56	0.0226041	
58	0.0224134	
60	0.0222055	
62	0.0219804	
64	0.0217305	
66	0.021454	
68	0.021145	
70	0.0207959	
72	0.0204049	
74	0.0199586	
76	0.0194494	
78	0.0188657	
80	0.018181	
82	0.0173627	
84	0.0163957	
86	0.0152894	
88	0.0140725	
90	0.0128365	
92	0.0118104	
94	0.0113011	
96	0.0115224	
98	0.0124436	
100	0.0137826	
102	0.0152341	
104	0.0165826	
106	0.0177594	
108	0.0187455	
110	0.0195733	
112	0.0202581	
114	0.0208226	
116	0.0213052	
118	0.0217172	
120	0.0220929	
122	0.0223714	
124	0.0226442	
126	0.022894	
128	0.0231172	
130	0.0233232	
132	0.0235177	
134	0.0237027	
136	0.0238878	
138	0.0240365	
140	0.0241891	
142	0.0243341	
144	0.0244714	
146	0.0245992	
148	0.0247175	
150	0.0248319	
152	0.024933	
154	0.0250283	
156	0.0251142	
158	0.0252	
160	0.0252687	
162	0.0253278	
164	0.0253774	
166	0.0254289	
168	0.0254594	
170	0.0254842	
172	0.0255071	
174	0.0255109	
176	0.0255052	
178	0.0254899	
180	0.0254651	