0	0.0236608	
2	0.0236493	
4	0.0236284	
6	0.0235959	
8	0.023554	
10	0.0234872	
12	0.023409	
14	0.0233251	
16	0.0232354	
18	0.0231458	
20	0.0230447	
22	0.0229245	
24	0.0228044	
26	0.0226613	
28	0.0225049	
30	0.0223275	
32	0.0221368	
34	0.0219232	
36	0.0216886	
38	0.0214387	
40	0.0211698	
42	0.0208741	
44	0.0205442	
46	0.0201875	
48	0.0198041	
50	0.0193826	
52	0.018921	
54	0.0184213	
56	0.0178453	
58	0.0172044	
60	0.016493	
62	0.0157071	
64	0.014824	
66	0.0138207	
68	0.0127011	
70	0.0114518	
72	0.0100499	
74	0.0084973	
76	0.00680926	
78	0.00503352	
80	0.0032654	
82	0.00167466	
84	0.000516895	
86	5.3406E-5	
88	0.000387194	
90	0.0014248	
92	0.00291635	
94	0.00461772	
96	0.00634769	
98	0.00801092	
100	0.00954634	
102	0.0109501	
104	0.0121861	
106	0.0132847	
108	0.0142747	
110	0.0152245	
112	0.0160142	
114	0.0167028	
116	0.0173265	
118	0.0178949	
120	0.0184232	
122	0.0189077	
124	0.0192872	
126	0.0196782	
128	0.0200635	
130	0.020403	
132	0.0207158	
134	0.0210134	
136	0.0212842	
138	0.0215417	
140	0.0217782	
142	0.0219938	
144	0.0221959	
146	0.022379	
148	0.0225526	
150	0.022709	
152	0.0228521	
154	0.0229913	
156	0.0231248	
158	0.0232469	
160	0.0233575	
162	0.0234605	
164	0.0235502	
166	0.0236303	
168	0.0237008	
170	0.0237581	
172	0.0237981	
174	0.0238324	
176	0.0238534	
178	0.0238591	
180	0.023863	