0	0.0294935	
2	0.0294706	
4	0.0294381	
6	0.0293943	
8	0.029339	
10	0.0292817	
12	0.0292073	
14	0.0291272	
16	0.0290376	
18	0.0289289	
20	0.0288068	
22	0.0286828	
24	0.0285493	
26	0.0284158	
28	0.0282785	
30	0.0281335	
32	0.027979	
34	0.0278188	
36	0.0276853	
38	0.0275155	
40	0.0273305	
42	0.0271341	
44	0.0269471	
46	0.0267297	
48	0.0265199	
50	0.0263082	
52	0.0260812	
54	0.025839	
56	0.025591	
58	0.0253373	
60	0.0250779	
62	0.0248224	
64	0.0245343	
66	0.0242292	
68	0.0239183	
70	0.0235788	
72	0.0232106	
74	0.0227605	
76	0.0222226	
78	0.0215341	
80	0.0205785	
82	0.0191919	
84	0.0170804	
86	0.0138226	
88	0.0103989	
90	0.0106354	
92	0.0141297	
94	0.0172311	
96	0.0193025	
98	0.0206853	
100	0.0216352	
102	0.0223256	
104	0.0228635	
106	0.0233041	
108	0.0236818	
110	0.0240251	
112	0.0243436	
114	0.0246431	
116	0.0249387	
118	0.0252172	
120	0.0254937	
122	0.0257589	
124	0.0260221	
126	0.0262738	
128	0.0265256	
130	0.0267507	
132	0.0269834	
134	0.0272123	
136	0.027424	
138	0.0276357	
140	0.0278322	
142	0.0280191	
144	0.0281888	
146	0.0283471	
148	0.028494	
150	0.0286351	
152	0.0287591	
154	0.0288755	
156	0.0289823	
158	0.0290834	
160	0.0291578	
162	0.0292283	
164	0.0292894	
166	0.0293351	
168	0.0293733	
170	0.0294038	
172	0.0294324	
174	0.0294458	
176	0.0294534	
178	0.0294477	
180	0.0294286	