0	0.00246049	
2	0.00245096	
4	0.00243761	
6	0.00242235	
8	0.002409	
10	0.00239374	
12	0.0023842	
14	0.00237085	
16	0.00235178	
18	0.00232889	
20	0.00230981	
22	0.0022812	
24	0.00225069	
26	0.00222208	
28	0.00218774	
30	0.00214769	
32	0.00211145	
34	0.00208093	
36	0.00201608	
38	0.00196268	
40	0.00190354	
42	0.00184251	
44	0.00177575	
46	0.00170136	
48	0.00162507	
50	0.00154305	
52	0.00145531	
54	0.00137139	
56	0.00127221	
58	0.00117684	
60	0.00108147	
62	0.000986107	
64	0.000886921	
66	0.000791553	
68	0.000698093	
70	0.000610355	
72	0.000526432	
74	0.000448229	
76	0.000379564	
78	0.000318529	
80	0.000263216	
82	0.000219346	
84	0.000185014	
86	0.000162126	
88	0.000154496	
90	0.000154496	
92	0.000164033	
94	0.000186921	
96	0.000219346	
98	0.000263216	
100	0.000320436	
102	0.000387194	
104	0.00046158	
106	0.000543598	
108	0.000633243	
110	0.000730518	
112	0.0008297	
114	0.000934605	
116	0.00104142	
118	0.00114823	
120	0.00125695	
122	0.00136567	
124	0.00147439	
126	0.0015812	
128	0.00168229	
130	0.00178147	
132	0.00187875	
134	0.00197412	
136	0.00206758	
138	0.00215341	
140	0.00222971	
142	0.00229646	
144	0.00236322	
146	0.00242426	
148	0.00247575	
150	0.00252153	
152	0.00255777	
154	0.00259019	
156	0.00262071	
158	0.00264741	
160	0.0026703	
162	0.00268365	
164	0.00269891	
166	0.00270654	
168	0.00271226	
170	0.00271608	
172	0.00271608	
174	0.00271608	
176	0.00271417	
178	0.00270654	
180	0.00270082	