0	0.0231935	
2	0.0231725	
4	0.0231458	
6	0.0231038	
8	0.023039	
10	0.0229684	
12	0.0228883	
14	0.022791	
16	0.0226747	
18	0.0225412	
20	0.0224	
22	0.0222455	
24	0.0220739	
26	0.0218927	
28	0.0217019	
30	0.0214864	
32	0.0212518	
34	0.0210038	
36	0.0207406	
38	0.0204641	
40	0.0201703	
42	0.0198671	
44	0.0195409	
46	0.0191709	
48	0.0187742	
50	0.0183469	
52	0.0178968	
54	0.017418	
56	0.0169011	
58	0.0163289	
60	0.0156881	
62	0.0149785	
64	0.0141888	
66	0.0133191	
68	0.0123635	
70	0.0112992	
72	0.0101357	
74	0.0088616	
76	0.00748637	
78	0.00605586	
80	0.00457957	
82	0.00312997	
84	0.00184441	
86	0.000883106	
88	0.000391008	
90	0.000465395	
92	0.00108529	
94	0.00214387	
96	0.00348283	
98	0.00496486	
100	0.00649264	
102	0.00798231	
104	0.00936896	
106	0.0106488	
108	0.0118161	
110	0.0128766	
112	0.0138302	
114	0.0146943	
116	0.0154782	
118	0.0161935	
120	0.0168496	
122	0.0174428	
124	0.0179864	
126	0.0184823	
128	0.0189363	
130	0.0193578	
132	0.0197393	
134	0.0200998	
136	0.0204316	
138	0.0207425	
140	0.0210267	
142	0.0212919	
144	0.0215341	
146	0.0217572	
148	0.0219613	
150	0.0221559	
152	0.0223294	
154	0.0224859	
156	0.0226346	
158	0.0227529	
160	0.022875	
162	0.0229684	
164	0.0230523	
166	0.0231305	
168	0.0231897	
170	0.0232354	
172	0.0232717	
174	0.0232927	
176	0.0233041	
178	0.0232984	
180	0.0232831	