0	0.0256616	
2	0.0256521	
4	0.0256368	
6	0.0256139	
8	0.0255853	
10	0.0255471	
12	0.0255052	
14	0.0254556	
16	0.0254003	
18	0.0253354	
20	0.0252687	
22	0.0251943	
24	0.0251065	
26	0.0250283	
28	0.0249387	
30	0.0248452	
32	0.0247403	
34	0.0246297	
36	0.0245191	
38	0.0244008	
40	0.0242826	
42	0.02417	
44	0.0240461	
46	0.0239164	
48	0.0237752	
50	0.0236245	
52	0.0234739	
54	0.0233136	
56	0.023142	
58	0.0229474	
60	0.02273	
62	0.0224763	
64	0.0221845	
66	0.0218431	
68	0.0214387	
70	0.0209466	
72	0.0203305	
74	0.0195524	
76	0.0185376	
78	0.0171949	
80	0.015339	
82	0.0126877	
84	0.00885969	
86	0.00407222	
88	0.000787739	
90	0.00211717	
92	0.00667575	
94	0.0110379	
96	0.0141831	
98	0.0164033	
100	0.017996	
102	0.0191671	
104	0.0200502	
106	0.0207368	
108	0.0212842	
110	0.0217267	
112	0.022091	
114	0.0223981	
116	0.0226728	
118	0.0229131	
120	0.0231324	
122	0.0233308	
124	0.0235139	
126	0.0236837	
128	0.0238439	
130	0.0239927	
132	0.0241357	
134	0.0242635	
136	0.0243951	
138	0.0245172	
140	0.0246297	
142	0.0247403	
144	0.0248414	
146	0.0249406	
148	0.0250341	
150	0.0251218	
152	0.0252	
154	0.0252744	
156	0.0253412	
158	0.0254041	
160	0.0254556	
162	0.0255052	
164	0.0255452	
166	0.0255834	
168	0.0256082	
170	0.0256273	
172	0.0256444	
174	0.025654	
176	0.0256597	
178	0.0256597	
180	0.0256559	