0	0.0260106	
2	0.0259973	
4	0.0259839	
6	0.0259572	
8	0.0259229	
10	0.0258886	
12	0.0258466	
14	0.0257875	
16	0.0257303	
18	0.0256597	
20	0.0255891	
22	0.0255204	
24	0.025448	
26	0.0253659	
28	0.0252668	
30	0.0251676	
32	0.0250684	
34	0.0249673	
36	0.0248605	
38	0.024748	
40	0.0246354	
42	0.0245095	
44	0.0243741	
46	0.0242406	
48	0.0241014	
50	0.0239526	
52	0.0238191	
54	0.0236379	
56	0.0234395	
58	0.0232335	
60	0.0230085	
62	0.0227529	
64	0.0224611	
66	0.0221177	
68	0.0217115	
70	0.0212137	
72	0.020588	
74	0.0197927	
76	0.0187417	
78	0.0173303	
80	0.0153561	
82	0.0124646	
84	0.0082379	
86	0.0032406	
88	0.000896458	
90	0.00380518	
92	0.00876814	
94	0.0127812	
96	0.0155469	
98	0.0174772	
100	0.0188562	
102	0.019888	
104	0.0206701	
106	0.0212785	
108	0.0217668	
110	0.0221692	
112	0.0224992	
114	0.0227891	
116	0.0230466	
118	0.0232774	
120	0.0234891	
122	0.0236799	
124	0.0238611	
126	0.0240308	
128	0.0241891	
130	0.0243379	
132	0.024479	
134	0.0246106	
136	0.024727	
138	0.0248471	
140	0.0249635	
142	0.0250741	
144	0.025179	
146	0.0252801	
148	0.025364	
150	0.0254422	
152	0.0255185	
154	0.0255891	
156	0.0256597	
158	0.0257207	
160	0.0257779	
162	0.0258313	
164	0.0258771	
166	0.0259134	
168	0.0259439	
170	0.025961	
172	0.0259725	
174	0.0259858	
176	0.0259935	
178	0.0259954	
180	0.0259992	