0	0.0233918	
2	0.0233785	
4	0.0233537	
6	0.0233175	
8	0.0232507	
10	0.0231878	
12	0.0231115	
14	0.0230275	
16	0.0229284	
18	0.0228177	
20	0.0226747	
22	0.0227052	
24	0.0223809	
26	0.0222131	
28	0.0220624	
30	0.021866	
32	0.0216581	
34	0.0214425	
36	0.0212022	
38	0.0209543	
40	0.0206681	
42	0.0203534	
44	0.0200654	
46	0.0197774	
48	0.0193521	
50	0.0189611	
52	0.0185434	
54	0.0179616	
56	0.0174733	
58	0.0169278	
60	0.0163156	
62	0.0156327	
64	0.0148678	
66	0.0140324	
68	0.0130578	
70	0.0119744	
72	0.0107709	
74	0.00945097	
76	0.00798804	
78	0.0064297	
80	0.00479129	
82	0.00317384	
84	0.00169946	
86	0.000612263	
88	0.000104905	
90	0.00030327	
92	0.00112725	
94	0.00240137	
96	0.00413516	
98	0.00582126	
100	0.00751498	
102	0.00889784	
104	0.0102788	
106	0.0116768	
108	0.0127354	
110	0.0137349	
112	0.0146237	
114	0.0154458	
116	0.0161821	
118	0.0168458	
120	0.0174619	
122	0.0180112	
124	0.0185109	
126	0.0189744	
128	0.0193864	
130	0.0197698	
132	0.0201226	
134	0.0204488	
136	0.0207521	
138	0.0210382	
140	0.0212976	
142	0.0215341	
144	0.0217515	
146	0.0219518	
148	0.0221387	
150	0.0223066	
152	0.0224649	
154	0.0226041	
156	0.0227319	
158	0.0228425	
160	0.0229455	
162	0.0230142	
164	0.023079	
166	0.0231439	
168	0.0231935	
170	0.0232335	
172	0.0232621	
174	0.0232774	
176	0.0232908	
178	0.023285	
180	0.0232679	