0	0.0230314	
2	0.0230066	
4	0.0229665	
6	0.0229055	
8	0.0228406	
10	0.0227548	
12	0.0226671	
14	0.0225641	
16	0.0224553	
18	0.0223409	
20	0.0222131	
22	0.0220739	
24	0.0219251	
26	0.0217725	
28	0.0216027	
30	0.0214235	
32	0.0212175	
34	0.0210019	
36	0.0207654	
38	0.0205117	
40	0.0202447	
42	0.0199643	
44	0.0196496	
46	0.0193006	
48	0.018921	
50	0.0184995	
52	0.018036	
54	0.0175344	
56	0.0169793	
58	0.0163709	
60	0.0156976	
62	0.0149499	
64	0.0141144	
66	0.0131856	
68	0.0121594	
70	0.0110207	
72	0.00975424	
74	0.00837332	
76	0.00688556	
78	0.0053387	
80	0.00376131	
82	0.00228311	
84	0.00105286	
86	0.000267031	
88	6.48503E-5	
90	0.000486376	
92	0.00144196	
94	0.00275804	
96	0.00427058	
98	0.00584224	
100	0.00739291	
102	0.00888449	
104	0.0102196	
106	0.0113946	
108	0.0124817	
110	0.0134526	
112	0.014349	
114	0.0151635	
116	0.0158654	
118	0.0165025	
120	0.01709	
122	0.0176488	
124	0.0181466	
126	0.0186025	
128	0.0190183	
130	0.0194055	
132	0.0197564	
134	0.0200826	
136	0.0203782	
138	0.0206567	
140	0.0209104	
142	0.0211469	
144	0.0213662	
146	0.0215837	
148	0.0217515	
150	0.0219156	
152	0.0220681	
154	0.0222093	
156	0.0223409	
158	0.0224553	
160	0.0225641	
162	0.0226556	
164	0.0227414	
166	0.0228139	
168	0.0228769	
170	0.0229245	
172	0.0229665	
174	0.0229951	
176	0.0230047	
178	0.0230008	
180	0.0229932	