30	0.364991	
32	0.36446	
34	0.36551	
36	0.365515	
38	0.365506	
40	0.365511	
42	0.364984	
44	0.364991	
46	0.366566	
48	0.365511	
50	0.364463	
52	0.365505	
54	0.364985	
56	0.365518	
58	0.362896	
60	0.33195	
62	0.265874	
64	0.159943	
66	0.0466618	
68	0.133195	
70	0.138965	
72	0.0964945	
74	0.0576766	
76	0.0325143	
78	0.0393331	
80	0.0618794	
82	0.0838979	
84	0.10017	
86	0.110119	
88	0.114311	
90	0.111681	
92	0.10225	
94	0.086536	
96	0.0655482	
98	0.0424687	
100	0.0309258	
102	0.0534832	
104	0.0917767	
106	0.13635	
108	0.14946	
110	0.0503424	
112	0.14212	
114	0.253287	
116	0.328287	
118	0.360265	
120	0.36551	
122	0.365515	
124	0.365515	
126	0.364979	
128	0.364986	
130	0.366031	
132	0.365518	
134	0.365517	
136	0.365516	
138	0.365519	
140	0.364998	
142	0.36551	
144	0.36499	
146	0.364985	
148	0.364455	
150	0.33561	
152	0.274792	
154	0.177767	
156	0.0524465	
158	0.124289	
160	0.146826	
162	0.103833	
164	0.0639778	
166	0.0356412	
168	0.0346051	
170	0.056105	
172	0.078654	
174	0.0970133	
176	0.108553	
178	0.113276	
180	0.112225	
182	0.105395	
184	0.0912365	
186	0.0718305	
188	0.049819	
190	0.0314647	
192	0.0424788	
194	0.0755156	
196	0.114835	
198	0.156802	
200	0.0896735	
202	0.0828611	